# Blender 3.4.1
# www.blender.org
o Cylinder

0.000030 -0.015773 -0.152404
0.000030 1.354215 -0.152404
0.029762 -0.015773 -0.149476
0.029762 1.354215 -0.149476
0.058352 -0.015773 -0.140803
0.058352 1.354215 -0.140803
0.084701 -0.015773 -0.126720
0.084701 1.354215 -0.126720
0.107796 -0.015773 -0.107766
0.107796 1.354215 -0.107766
0.126749 -0.015773 -0.084671
0.126749 1.354215 -0.084671
0.140833 -0.015773 -0.058323
0.140833 1.354215 -0.058323
0.149506 -0.015773 -0.029733
0.149506 1.354215 -0.029733
0.152434 -0.015773 0.000000
0.152434 1.354215 0.000000
0.149506 -0.015773 0.029733
0.149506 1.354215 0.029733
0.140833 -0.015773 0.058323
0.140833 1.354215 0.058323
0.126749 -0.015773 0.084671
0.126749 1.354215 0.084671
0.107796 -0.015773 0.107766
0.107796 1.354215 0.107766
0.084701 -0.015773 0.126720
0.084701 1.354215 0.126720
0.058352 -0.015773 0.140803
0.058352 1.354215 0.140803
0.029762 -0.015773 0.149476
0.029762 1.354215 0.149476
0.000030 -0.015773 0.152404
0.000030 1.354215 0.152404
-0.029703 -0.015773 0.149476
-0.029703 1.354215 0.149476
-0.058293 -0.015773 0.140803
-0.058293 1.354215 0.140803
-0.084642 -0.015773 0.126720
-0.084642 1.354215 0.126720
-0.107737 -0.015773 0.107766
-0.107737 1.354215 0.107766
-0.126690 -0.015773 0.084671
-0.126690 1.354215 0.084671
-0.140774 -0.015773 0.058323
-0.140774 1.354215 0.058323
-0.149446 -0.015773 0.029733
-0.149446 1.354215 0.029733
-0.152375 -0.015773 0.000000
-0.152375 1.354215 0.000000
-0.149446 -0.015773 -0.029733
-0.149446 1.354215 -0.029733
-0.140774 -0.015773 -0.058323
-0.140774 1.354215 -0.058323
-0.126690 -0.015773 -0.084671
-0.126690 1.354215 -0.084671
-0.107737 -0.015773 -0.107766
-0.107737 1.354215 -0.107766
-0.084642 -0.015773 -0.126720
-0.084642 1.354215 -0.126720
-0.058293 -0.015773 -0.140803
-0.058293 1.354215 -0.140803
-0.029703 -0.015773 -0.149476
-0.029703 1.354215 -0.149476

0.0980 -0.0000 -0.9952
0.2903 -0.0000 -0.9569
0.4714 -0.0000 -0.8819
0.6344 -0.0000 -0.7730
0.7730 -0.0000 -0.6344
0.8819 -0.0000 -0.4714
0.9569 -0.0000 -0.2903
0.9952 -0.0000 -0.0980
0.9952 -0.0000 0.0980
0.9569 -0.0000 0.2903
0.8819 -0.0000 0.4714
0.7730 -0.0000 0.6344
0.6344 -0.0000 0.7730
0.4714 -0.0000 0.8819
0.2903 -0.0000 0.9569
0.0980 -0.0000 0.9952
-0.0980 -0.0000 0.9952
-0.2903 -0.0000 0.9569
-0.4714 -0.0000 0.8819
-0.6344 -0.0000 0.7730
-0.7730 -0.0000 0.6344
-0.8819 -0.0000 0.4714
-0.9569 -0.0000 0.2903
-0.9952 -0.0000 0.0980
-0.9952 -0.0000 -0.0980
-0.9569 -0.0000 -0.2903
-0.8819 -0.0000 -0.4714
-0.7730 -0.0000 -0.6344
-0.6344 -0.0000 -0.7730
-0.4714 -0.0000 -0.8819
-0.0000 1.0000 -0.0000
-0.2903 -0.0000 -0.9569
-0.0980 -0.0000 -0.9952
-0.0000 -1.0000 -0.0000

1.000000 0.500000
0.000000 0.500000
0.750000 0.490000
1.000000 1.000000
0.250000 0.490000
0.000000 1.000000
0.968750 0.500000
0.796822 0.485388
0.968750 1.000000
0.296822 0.485388
0.937500 0.500000
0.841844 0.471731
0.937500 1.000000
0.341844 0.471731
0.906250 0.500000
0.883337 0.449553
0.906250 1.000000
0.383337 0.449553
0.875000 0.500000
0.919706 0.419706
0.875000 1.000000
0.419706 0.419706
0.843750 0.500000
0.949553 0.383337
0.843750 1.000000
0.449553 0.383337
0.812500 0.500000
0.971731 0.341844
0.812500 1.000000
0.471731 0.341844
0.781250 0.500000
0.985388 0.296822
0.781250 1.000000
0.485388 0.296822
0.750000 0.500000
0.990000 0.250000
0.750000 1.000000
0.490000 0.250000
0.718750 0.500000
0.985388 0.203178
0.718750 1.000000
0.485388 0.203178
0.687500 0.500000
0.971731 0.158156
0.687500 1.000000
0.471731 0.158156
0.656250 0.500000
0.949553 0.116663
0.656250 1.000000
0.449553 0.116663
0.625000 0.500000
0.919706 0.080294
0.625000 1.000000
0.419706 0.080294
0.593750 0.500000
0.883337 0.050447
0.593750 1.000000
0.383337 0.050447
0.562500 0.500000
0.841844 0.028269
0.562500 1.000000
0.341844 0.028269
0.531250 0.500000
0.796822 0.014612
0.531250 1.000000
0.296822 0.014612
0.500000 0.500000
0.750000 0.010000
0.500000 1.000000
0.250000 0.010000
0.468750 0.500000
0.703178 0.014612
0.468750 1.000000
0.203178 0.014612
0.437500 0.500000
0.658156 0.028269
0.437500 1.000000
0.158156 0.028269
0.406250 0.500000
0.616663 0.050447
0.406250 1.000000
0.116663 0.050447
0.375000 0.500000
0.580294 0.080294
0.375000 1.000000
0.080294 0.080294
0.343750 0.500000
0.550447 0.116663
0.343750 1.000000
0.050447 0.116663
0.312500 0.500000
0.528269 0.158156
0.312500 1.000000
0.028269 0.158156
0.281250 0.500000
0.514612 0.203178
0.281250 1.000000
0.014612 0.203178
0.250000 0.500000
0.510000 0.250000
0.250000 1.000000
0.010000 0.250000
0.218750 0.500000
0.514612 0.296822
0.218750 1.000000
0.014612 0.296822
0.187500 0.500000
0.528269 0.341844
0.187500 1.000000
0.028269 0.341844
0.156250 0.500000
0.550447 0.383337
0.156250 1.000000
0.050447 0.383337
0.125000 0.500000
0.580294 0.419706
0.125000 1.000000
0.080294 0.419706
0.093750 0.500000
0.616663 0.449553
0.093750 1.000000
0.116663 0.449553
0.062500 0.500000
0.658156 0.471731
0.158156 0.471731
0.062500 1.000000
0.031250 0.500000
0.703178 0.485388
0.203178 0.485388
0.031250 1.000000
s 0
g off
# Blender 3.4.1
# www.blender.org
o Sphere
v 0.000030 0.815697 -0.555570
v 0.000030 0.539797 -0.831470
v 0.000030 0.179317 -0.980785
v 0.000030 -0.015773 -1.000000
v 0.000030 -0.210863 -0.980785
v 0.000030 -0.571343 -0.831470
v 0.038090 0.965012 -0.191342
v 0.074687 0.908107 -0.375330
v 0.108416 0.815697 -0.544895
v 0.137979 0.691334 -0.693520
v 0.162241 0.539797 -0.815493
v 0.180270 0.366910 -0.906127
v 0.191371 0.179317 -0.961940
v 0.195120 -0.015773 -0.980785
v 0.191371 -0.210863 -0.961940
v 0.180270 -0.398456 -0.906127
v 0.162241 -0.571343 -0.815493
v 0.137979 -0.722880 -0.693520
v 0.108416 -0.847243 -0.544895
v 0.074687 -0.939653 -0.375330
v 0.038090 -0.996558 -0.191342
v 0.074687 0.965012 -0.180240
v 0.146476 0.908107 -0.353553
v 0.212637 0.815697 -0.513280
v 0.270628 0.691334 -0.653281
v 0.318219 0.539797 -0.768178
v 0.353583 0.366910 -0.853553
v 0.375360 0.179317 -0.906127
v 0.382713 -0.015773 -0.923879
v 0.375360 -0.210863 -0.906127
v 0.353583 -0.398456 -0.853553
v 0.318219 -0.571343 -0.768178
v 0.270628 -0.722880 -0.653281
v 0.212637 -0.847243 -0.513280
v 0.146476 -0.939653 -0.353553
v 0.074687 -0.996558 -0.180240
v 0.108416 0.965012 -0.162212
v 0.212637 0.908107 -0.318190
v 0.308688 0.815697 -0.461940
v 0.392877 0.691334 -0.587938
v 0.461969 0.539797 -0.691342
v 0.513309 0.366910 -0.768178
v 0.544925 0.179317 -0.815493
v 0.555600 -0.015773 -0.831469
v 0.544925 -0.210863 -0.815493
v 0.513309 -0.398456 -0.768178
v 0.461969 -0.571343 -0.691342
v 0.392877 -0.722880 -0.587938
v 0.308688 -0.847243 -0.461940
v 0.212637 -0.939653 -0.318190
v 0.108416 -0.996558 -0.162212
v 0.137979 0.965012 -0.137950
v 0.270628 0.908107 -0.270598
v 0.392877 0.815697 -0.392847
v 0.500030 0.691334 -0.500000
v 0.587967 0.539797 -0.587938
v 0.653311 0.366910 -0.653281
v 0.693549 0.179317 -0.693520
v 0.707136 -0.015773 -0.707107
v 0.693549 -0.210863 -0.693520
v 0.653311 -0.398456 -0.653281
v 0.587967 -0.571343 -0.587938
v 0.500030 -0.722880 -0.500000
v 0.392877 -0.847243 -0.392847
v 0.270628 -0.939653 -0.270598
v 0.137979 -0.996558 -0.137950
v 0.162241 0.965012 -0.108386
v 0.318219 0.908107 -0.212608
v 0.461969 0.815697 -0.308658
v 0.587967 0.691334 -0.392847
v 0.691371 0.539797 -0.461940
v 0.768207 0.366910 -0.513280
v 0.815523 0.179317 -0.544895
v 0.831499 -0.015773 -0.555570
v 0.815523 -0.210863 -0.544895
v 0.768207 -0.398456 -0.513280
v 0.691371 -0.571343 -0.461940
v 0.587967 -0.722880 -0.392847
v 0.461969 -0.847243 -0.308658
v 0.318219 -0.939653 -0.212608
v 0.162241 -0.996558 -0.108386
v 0.000030 0.984227 0.000000
v 0.180269 0.965012 -0.074658
v 0.353583 0.908107 -0.146447
v 0.513309 0.815697 -0.212607
v 0.653311 0.691334 -0.270598
v 0.768207 0.539797 -0.318190
v 0.853583 0.366910 -0.353553
v 0.906157 0.179317 -0.375330
v 0.923909 -0.015773 -0.382683
v 0.906157 -0.210863 -0.375330
v 0.853583 -0.398456 -0.353553
v 0.768207 -0.571343 -0.318190
v 0.653311 -0.722880 -0.270598
v 0.513309 -0.847243 -0.212607
v 0.353583 -0.939653 -0.146447
v 0.180269 -0.996558 -0.074658
v 0.191371 0.965012 -0.038060
v 0.375360 0.908107 -0.074658
v 0.544925 0.815697 -0.108386
v 0.693549 0.691334 -0.137950
v 0.815523 0.539797 -0.162212
v 0.906157 0.366910 -0.180240
v 0.961969 0.179317 -0.191342
v 0.980815 -0.015773 -0.195090
v 0.961969 -0.210863 -0.191342
v 0.906157 -0.398456 -0.180240
v 0.815523 -0.571343 -0.162212
v 0.693549 -0.722880 -0.137950
v 0.544925 -0.847243 -0.108386
v 0.375360 -0.939653 -0.074658
v 0.191371 -0.996558 -0.038060
v 0.195120 0.965012 0.000000
v 0.382713 0.908107 0.000000
v 0.555600 0.815697 0.000000
v 0.707136 0.691334 -0.000000
v 0.831499 0.539797 0.000000
v 0.923909 0.366910 -0.000000
v 0.980815 0.179317 0.000000
v 1.000029 -0.015773 0.000000
v 0.980815 -0.210863 0.000000
v 0.923909 -0.398456 -0.000000
v 0.831499 -0.571343 0.000000
v 0.707136 -0.722880 -0.000000
v 0.555600 -0.847243 0.000000
v 0.382713 -0.939653 0.000000
v 0.195120 -0.996558 0.000000
v 0.191371 0.965012 0.038060
v 0.375360 0.908107 0.074658
v 0.544925 0.815697 0.108386
v 0.693549 0.691334 0.137950
v 0.815522 0.539797 0.162212
v 0.906157 0.366910 0.180240
v 0.961969 0.179317 0.191342
v 0.980814 -0.015773 0.195090
v 0.961969 -0.210863 0.191342
v 0.906157 -0.398456 0.180240
v 0.815522 -0.571343 0.162212
v 0.693549 -0.722880 0.137950
v 0.544925 -0.847243 0.108386
v 0.375360 -0.939653 0.074658
v 0.191371 -0.996558 0.038060
v 0.180269 0.965012 0.074658
v 0.353583 0.908107 0.146447
v 0.513309 0.815697 0.212608
v 0.653311 0.691334 0.270598
v 0.768207 0.539797 0.318190
v 0.853583 0.366910 0.353553
v 0.906157 0.179317 0.375330
v 0.923909 -0.015773 0.382683
v 0.906157 -0.210863 0.375330
v 0.853583 -0.398456 0.353553
v 0.768207 -0.571343 0.318190
v 0.653311 -0.722880 0.270598
v 0.513309 -0.847243 0.212608
v 0.353583 -0.939653 0.146447
v 0.180269 -0.996558 0.074658
v 0.162241 0.965012 0.108386
v 0.318219 0.908107 0.212608
v 0.461969 0.815697 0.308658
v 0.587967 0.691334 0.392847
v 0.691371 0.539797 0.461940
v 0.768207 0.366910 0.513280
v 0.815522 0.179317 0.544895
v 0.831499 -0.015773 0.555570
v 0.815522 -0.210863 0.544895
v 0.768207 -0.398456 0.513280
v 0.691371 -0.571343 0.461940
v 0.587967 -0.722880 0.392847
v 0.461969 -0.847243 0.308658
v 0.318219 -0.939653 0.212608
v 0.162241 -0.996558 0.108386
v 0.137979 0.965012 0.137950
v 0.270628 0.908107 0.270598
v 0.392877 0.815697 0.392847
v 0.500030 0.691334 0.500000
v 0.587967 0.539797 0.587938
v 0.653311 0.366910 0.653281
v 0.693549 0.179317 0.693520
v 0.707136 -0.015773 0.707107
v 0.693549 -0.210863 0.693520
v 0.653311 -0.398456 0.653281
v 0.587967 -0.571343 0.587938
v 0.500030 -0.722880 0.500000
v 0.392877 -0.847243 0.392847
v 0.270628 -0.939653 0.270598
v 0.137979 -0.996558 0.137950
v 0.108416 0.965012 0.162212
v 0.212637 0.908107 0.318190
v 0.308688 0.815697 0.461940
v 0.392877 0.691334 0.587938
v 0.461969 0.539797 0.691342
v 0.513309 0.366910 0.768178
v 0.544924 0.179317 0.815493
v 0.555599 -0.015773 0.831469
v 0.544924 -0.210863 0.815493
v 0.513309 -0.398456 0.768178
v 0.461969 -0.571343 0.691342
v 0.392877 -0.722880 0.587938
v 0.308688 -0.847243 0.461940
v 0.212637 -0.939653 0.318190
v 0.108416 -0.996558 0.162212
v 0.074687 0.965012 0.180240
v 0.146476 0.908107 0.353553
v 0.212637 0.815697 0.513280
v 0.270628 0.691334 0.653281
v 0.318219 0.539797 0.768178
v 0.353583 0.366910 0.853553
v 0.375360 0.179317 0.906127
v 0.382713 -0.015773 0.923879
v 0.375360 -0.210863 0.906127
v 0.353583 -0.398456 0.853553
v 0.318219 -0.571343 0.768178
v 0.270628 -0.722880 0.653281
v 0.212637 -0.847243 0.513280
v 0.146476 -0.939653 0.353553
v 0.074687 -0.996558 0.180240
v 0.038090 0.965012 0.191342
v 0.074687 0.908107 0.375330
v 0.108416 0.815697 0.544895
v 0.137979 0.691334 0.693520
v 0.162241 0.539797 0.815493
v 0.180270 0.366910 0.906127
v 0.191371 0.179317 0.961939
v 0.195119 -0.015773 0.980785
v 0.191371 -0.210863 0.961939
v 0.180270 -0.398456 0.906127
v 0.162241 -0.571343 0.815493
v 0.137979 -0.722880 0.693520
v 0.108416 -0.847243 0.544895
v 0.074687 -0.939653 0.375330
v 0.038090 -0.996558 0.191342
v 0.000030 0.965012 0.195090
v 0.000030 0.908107 0.382683
v 0.000029 0.815697 0.555570
v 0.000030 0.691334 0.707107
v 0.000029 0.539797 0.831469
v 0.000030 0.366910 0.923879
v 0.000029 0.179317 0.980785
v 0.000029 -0.015773 0.999999
v 0.000029 -0.210863 0.980785
v 0.000030 -0.398456 0.923879
v 0.000029 -0.571343 0.831469
v 0.000030 -0.722880 0.707107
v 0.000029 -0.847243 0.555570
v 0.000030 -0.939653 0.382683
v 0.000030 -0.996558 0.195090
v -0.038031 0.965012 0.191342
v -0.074628 0.908107 0.375330
v -0.108357 0.815697 0.544895
v -0.137920 0.691334 0.693520
v -0.162182 0.539797 0.815493
v -0.180210 0.366910 0.906127
v -0.191312 0.179317 0.961939
v -0.195061 -0.015773 0.980785
v -0.191312 -0.210863 0.961939
v -0.180210 -0.398456 0.906127
v -0.162182 -0.571343 0.815493
v -0.137920 -0.722880 0.693520
v -0.108357 -0.847243 0.544895
v -0.074628 -0.939653 0.375330
v -0.038031 -0.996558 0.191342
v -0.074628 0.965012 0.180240
v -0.146417 0.908107 0.353553
v -0.212578 0.815697 0.513280
v -0.270568 0.691334 0.653281
v -0.318160 0.539797 0.768177
v -0.353524 0.366910 0.853553
v -0.375301 0.179317 0.906127
v -0.382654 -0.015773 0.923879
v -0.375301 -0.210863 0.906127
v -0.353524 -0.398456 0.853553
v -0.318160 -0.571343 0.768177
v -0.270568 -0.722880 0.653281
v -0.212578 -0.847243 0.513280
v -0.146417 -0.939653 0.353553
v -0.074628 -0.996558 0.180240
v -0.108357 0.965012 0.162212
v -0.212578 0.908107 0.318190
v -0.308629 0.815697 0.461939
v -0.392818 0.691334 0.587938
v -0.461910 0.539797 0.691341
v -0.513250 0.366910 0.768178
v -0.544865 0.179317 0.815493
v -0.555541 -0.015773 0.831469
v -0.544865 -0.210863 0.815493
v -0.513250 -0.398456 0.768178
v -0.461910 -0.571343 0.691341
v -0.392818 -0.722880 0.587938
v -0.308629 -0.847243 0.461939
v -0.212578 -0.939653 0.318190
v -0.108357 -0.996558 0.162212
v -0.137920 0.965012 0.137950
v -0.270568 0.908107 0.270598
v -0.392818 0.815697 0.392847
v -0.499970 0.691334 0.500000
v -0.587908 0.539797 0.587937
v -0.653252 0.366910 0.653281
v -0.693490 0.179317 0.693520
v -0.707077 -0.015773 0.707106
v -0.693490 -0.210863 0.693520
v -0.653252 -0.398456 0.653281
v -0.587908 -0.571343 0.587937
v -0.499970 -0.722880 0.500000
v -0.392818 -0.847243 0.392847
v -0.270568 -0.939653 0.270598
v -0.137920 -0.996558 0.137950
v 0.000030 -1.015773 0.000000
v -0.162182 0.965012 0.108386
v -0.318160 0.908107 0.212607
v -0.461910 0.815697 0.308658
v -0.587908 0.691334 0.392847
v -0.691312 0.539797 0.461939
v -0.768148 0.366910 0.513280
v -0.815463 0.179317 0.544895
v -0.831440 -0.015773 0.555569
v -0.815463 -0.210863 0.544895
v -0.768148 -0.398456 0.513280
v -0.691312 -0.571343 0.461939
v -0.587908 -0.722880 0.392847
v -0.461910 -0.847243 0.308658
v -0.318160 -0.939653 0.212607
v -0.162182 -0.996558 0.108386
v -0.180210 0.965012 0.074658
v -0.353524 0.908107 0.146447
v -0.513250 0.815697 0.212607
v -0.653252 0.691334 0.270598
v -0.768148 0.539797 0.318189
v -0.853523 0.366910 0.353553
v -0.906098 0.179317 0.375330
v -0.923849 -0.015773 0.382683
v -0.906098 -0.210863 0.375330
v -0.853523 -0.398456 0.353553
v -0.768148 -0.571343 0.318189
v -0.653252 -0.722880 0.270598
v -0.513250 -0.847243 0.212607
v -0.353524 -0.939653 0.146447
v -0.180210 -0.996558 0.074658
v -0.191312 0.965012 0.038060
v -0.375301 0.908107 0.074658
v -0.544865 0.815697 0.108386
v -0.693490 0.691334 0.137950
v -0.815463 0.539797 0.162211
v -0.906098 0.366910 0.180240
v -0.961910 0.179317 0.191341
v -0.980755 -0.015773 0.195090
v -0.961910 -0.210863 0.191341
v -0.906098 -0.398456 0.180240
v -0.815463 -0.571343 0.162211
v -0.693490 -0.722880 0.137950
v -0.544865 -0.847243 0.108386
v -0.375301 -0.939653 0.074658
v -0.191312 -0.996558 0.038060
v -0.195061 0.965012 -0.000000
v -0.382654 0.908107 -0.000000
v -0.555540 0.815697 -0.000000
v -0.707077 0.691334 -0.000000
v -0.831440 0.539797 -0.000000
v -0.923850 0.366910 -0.000000
v -0.980755 0.179317 -0.000000
v -0.999969 -0.015773 -0.000000
v -0.980755 -0.210863 -0.000000
v -0.923850 -0.398456 -0.000000
v -0.831440 -0.571343 -0.000000
v -0.707077 -0.722880 -0.000000
v -0.555540 -0.847243 -0.000000
v -0.382654 -0.939653 -0.000000
v -0.195061 -0.996558 -0.000000
v -0.191312 0.965012 -0.038060
v -0.375301 0.908107 -0.074658
v -0.544865 0.815697 -0.108386
v -0.693490 0.691334 -0.137950
v -0.815463 0.539797 -0.162212
v -0.906097 0.366910 -0.180240
v -0.961910 0.179317 -0.191342
v -0.980755 -0.015773 -0.195091
v -0.961910 -0.210863 -0.191342
v -0.906097 -0.398456 -0.180240
v -0.815463 -0.571343 -0.162212
v -0.693490 -0.722880 -0.137950
v -0.544865 -0.847243 -0.108386
v -0.375301 -0.939653 -0.074658
v -0.191312 -0.996558 -0.038060
v -0.180210 0.965012 -0.074658
v -0.353524 0.908107 -0.146447
v -0.513250 0.815697 -0.212607
v -0.653252 0.691334 -0.270598
v -0.768148 0.539797 -0.318190
v -0.853523 0.366910 -0.353553
v -0.906097 0.179317 -0.375330
v -0.923849 -0.015773 -0.382683
v -0.906097 -0.210863 -0.375330
v -0.853523 -0.398456 -0.353553
v -0.768148 -0.571343 -0.318190
v -0.653252 -0.722880 -0.270598
v -0.513250 -0.847243 -0.212607
v -0.353524 -0.939653 -0.146447
v -0.180210 -0.996558 -0.074658
v -0.162182 0.965012 -0.108386
v -0.318160 0.908107 -0.212607
v -0.461910 0.815697 -0.308658
v -0.587908 0.691334 -0.392847
v -0.691312 0.539797 -0.461940
v -0.768148 0.366910 -0.513280
v -0.815463 0.179317 -0.544895
v -0.831439 -0.015773 -0.555570
v -0.815463 -0.210863 -0.544895
v -0.768148 -0.398456 -0.513280
v -0.691312 -0.571343 -0.461940
v -0.587908 -0.722880 -0.392847
v -0.461910 -0.847243 -0.308658
v -0.318160 -0.939653 -0.212607
v -0.162182 -0.996558 -0.108386
v -0.137920 0.965012 -0.137950
v -0.270568 0.908107 -0.270598
v -0.392817 0.815697 -0.392847
v -0.499970 0.691334 -0.500000
v -0.587908 0.539797 -0.587938
v -0.653252 0.366910 -0.653281
v -0.693490 0.179317 -0.693520
v -0.707076 -0.015773 -0.707106
v -0.693490 -0.210863 -0.693520
v -0.653252 -0.398456 -0.653281
v -0.587908 -0.571343 -0.587938
v -0.499970 -0.722880 -0.500000
v -0.392817 -0.847243 -0.392847
v -0.270568 -0.939653 -0.270598
v -0.137920 -0.996558 -0.137950
v -0.108357 0.965012 -0.162212
v -0.212578 0.908107 -0.318190
v -0.308628 0.815697 -0.461939
v -0.392818 0.691334 -0.587938
v -0.461910 0.539797 -0.691341
v -0.513250 0.366910 -0.768177
v -0.544865 0.179317 -0.815493
v -0.555540 -0.015773 -0.831469
v -0.544865 -0.210863 -0.815493
v -0.513250 -0.398456 -0.768177
v -0.461910 -0.571343 -0.691341
v -0.392818 -0.722880 -0.587938
v -0.308628 -0.847243 -0.461939
v -0.212578 -0.939653 -0.318190
v -0.108357 -0.996558 -0.162212
v -0.074628 0.965012 -0.180240
v -0.146417 0.908107 -0.353553
v -0.212578 0.815697 -0.513279
v -0.270568 0.691334 -0.653281
v -0.318160 0.539797 -0.768177
v -0.353524 0.366910 -0.853553
v -0.375300 0.179317 -0.906127
v -0.382653 -0.015773 -0.923879
v -0.375300 -0.210863 -0.906127
v -0.353524 -0.398456 -0.853553
v -0.318160 -0.571343 -0.768177
v -0.270568 -0.722880 -0.653281
v -0.212578 -0.847243 -0.513279
v -0.146417 -0.939653 -0.353553
v -0.074628 -0.996558 -0.180240
v -0.038031 0.965012 -0.191342
v -0.074628 0.908107 -0.375330
v -0.108356 0.815697 -0.544895
v -0.137920 0.691334 -0.693520
v -0.162182 0.539797 -0.815493
v -0.180210 0.366910 -0.906127
v -0.191312 0.179317 -0.961939
v -0.195060 -0.015773 -0.980784
v -0.191312 -0.210863 -0.961939
v -0.180210 -0.398456 -0.906127
v -0.162182 -0.571343 -0.815493
v -0.137920 -0.722880 -0.693520
v -0.108356 -0.847243 -0.544895
v -0.074628 -0.939653 -0.375330
v -0.038031 -0.996558 -0.191342
v 0.000030 0.965012 -0.195090
v 0.000030 0.908107 -0.382683
v 0.000030 0.691334 -0.707107
v 0.000030 0.366910 -0.923879
v 0.000030 -0.398456 -0.923879
v 0.000030 -0.722880 -0.707107
v 0.000030 -0.847243 -0.555570
v 0.000030 -0.939653 -0.382683
v 0.000030 -0.996558 -0.195090

vn -0.0975 0.0976 0.9904
vn -0.0286 -0.9565 0.2902
vn -0.0938 0.2890 0.9527
vn -0.0464 -0.8810 0.4709
vn -0.0865 0.4696 0.8786
vn -0.0624 -0.7715 0.6332
vn -0.0759 0.6326 0.7708
vn -0.0759 -0.6326 0.7708
vn -0.0624 0.7715 0.6332
vn -0.0865 -0.4696 0.8786
vn -0.0464 0.8810 0.4709
vn -0.0938 -0.2890 0.9527
vn -0.0286 0.9565 0.2902
vn -0.0975 -0.0975 0.9904
vn -0.0097 -0.9951 0.0980
vn -0.0097 0.9951 0.0980
vn -0.2889 -0.0976 0.9524
vn -0.0286 -0.9951 0.0942
vn -0.0286 0.9951 0.0942
vn -0.2889 0.0975 0.9524
vn -0.0846 -0.9565 0.2790
vn -0.2779 0.2890 0.9161
vn -0.1374 -0.8810 0.4528
vn -0.2563 0.4696 0.8448
vn -0.1847 -0.7715 0.6088
vn -0.2248 0.6326 0.7412
vn -0.2248 -0.6326 0.7412
vn -0.1847 0.7715 0.6088
vn -0.2563 -0.4696 0.8448
vn -0.1374 0.8810 0.4528
vn -0.2779 -0.2890 0.9161
vn -0.0846 0.9565 0.2790
vn -0.3651 0.6326 0.6831
vn -0.3651 -0.6326 0.6831
vn -0.2999 0.7715 0.5611
vn -0.4162 -0.4696 0.7786
vn -0.2230 0.8810 0.4173
vn -0.4513 -0.2890 0.8443
vn -0.1374 0.9565 0.2571
vn -0.4691 -0.0975 0.8777
vn -0.0464 -0.9951 0.0869
vn -0.0464 0.9951 0.0869
vn -0.4691 0.0975 0.8777
vn -0.1374 -0.9565 0.2571
vn -0.4513 0.2890 0.8443
vn -0.2231 -0.8810 0.4173
vn -0.4162 0.4696 0.7786
vn -0.2999 -0.7715 0.5611
vn -0.0625 -0.9951 0.0761
vn -0.0625 0.9951 0.0761
vn -0.6314 0.0975 0.7693
vn -0.1850 -0.9565 0.2254
vn -0.6073 0.2890 0.7400
vn -0.3002 -0.8810 0.3658
vn -0.5601 0.4696 0.6825
vn -0.4036 -0.7715 0.4918
vn -0.4913 0.6326 0.5987
vn -0.4913 -0.6326 0.5987
vn -0.4036 0.7715 0.4918
vn -0.5601 -0.4696 0.6825
vn -0.3002 0.8810 0.3658
vn -0.6073 -0.2890 0.7400
vn -0.1850 0.9565 0.2254
vn -0.6314 -0.0975 0.7693
vn -0.5987 -0.6326 0.4913
vn -0.4918 0.7715 0.4036
vn -0.6825 -0.4696 0.5601
vn -0.3658 0.8810 0.3002
vn -0.7400 -0.2890 0.6073
vn -0.2254 0.9565 0.1850
vn -0.7693 -0.0975 0.6314
vn -0.0761 -0.9951 0.0625
vn -0.0761 0.9951 0.0625
vn -0.7693 0.0975 0.6314
vn -0.2254 -0.9565 0.1850
vn -0.7400 0.2890 0.6073
vn -0.3658 -0.8810 0.3002
vn -0.6825 0.4696 0.5601
vn -0.4918 -0.7715 0.4036
vn -0.5987 0.6326 0.4913
vn -0.8777 0.0975 0.4691
vn -0.2571 -0.9565 0.1374
vn -0.8443 0.2890 0.4513
vn -0.4173 -0.8810 0.2230
vn -0.7786 0.4696 0.4162
vn -0.5611 -0.7715 0.2999
vn -0.6831 0.6326 0.3651
vn -0.6831 -0.6326 0.3651
vn -0.5611 0.7715 0.2999
vn -0.7786 -0.4696 0.4162
vn -0.4173 0.8810 0.2230
vn -0.8443 -0.2890 0.4513
vn -0.2571 0.9565 0.1374
vn -0.8777 -0.0975 0.4691
vn -0.0869 -0.9951 0.0464
vn -0.0869 0.9951 0.0464
vn -0.6088 0.7715 0.1847
vn -0.8448 -0.4696 0.2563
vn -0.4528 0.8810 0.1374
vn -0.9161 -0.2890 0.2779
vn -0.2790 0.9565 0.0846
vn -0.9524 -0.0975 0.2889
vn -0.0942 -0.9951 0.0286
vn -0.0942 0.9951 0.0286
vn -0.9524 0.0975 0.2889
vn -0.2790 -0.9565 0.0846
vn -0.9161 0.2890 0.2779
vn -0.4528 -0.8810 0.1374
vn -0.8448 0.4696 0.2563
vn -0.6088 -0.7715 0.1847
vn -0.7412 0.6326 0.2248
vn -0.7412 -0.6326 0.2248
vn -0.9527 0.2890 0.0938
vn -0.4709 -0.8810 0.0464
vn -0.8786 0.4696 0.0865
vn -0.6332 -0.7715 0.0624
vn -0.7708 0.6326 0.0759
vn -0.7708 -0.6326 0.0759
vn -0.6332 0.7715 0.0624
vn -0.8786 -0.4696 0.0865
vn -0.4709 0.8810 0.0464
vn -0.9527 -0.2890 0.0938
vn -0.2902 0.9565 0.0286
vn -0.9904 -0.0975 0.0975
vn -0.0980 -0.9951 0.0097
vn -0.0980 0.9951 0.0097
vn -0.9904 0.0975 0.0975
vn -0.2902 -0.9565 0.0286
vn -0.4709 0.8810 -0.0464
vn -0.9527 -0.2890 -0.0938
vn -0.2902 0.9565 -0.0286
vn -0.9904 -0.0975 -0.0976
vn -0.0980 -0.9951 -0.0097
vn -0.0980 0.9951 -0.0097
vn -0.9904 0.0975 -0.0976
vn -0.2902 -0.9565 -0.0286
vn -0.9527 0.2890 -0.0938
vn -0.4709 -0.8810 -0.0464
vn -0.8786 0.4696 -0.0865
vn -0.6332 -0.7715 -0.0624
vn -0.7708 0.6326 -0.0759
vn -0.7708 -0.6326 -0.0759
vn -0.6332 0.7715 -0.0624
vn -0.8786 -0.4696 -0.0865
vn -0.4528 -0.8810 -0.1374
vn -0.8448 0.4696 -0.2563
vn -0.6088 -0.7715 -0.1847
vn -0.7412 0.6326 -0.2248
vn -0.7412 -0.6326 -0.2248
vn -0.6088 0.7715 -0.1847
vn -0.8448 -0.4696 -0.2563
vn -0.4528 0.8810 -0.1374
vn -0.9161 -0.2890 -0.2779
vn -0.2790 0.9565 -0.0846
vn -0.9524 -0.0975 -0.2889
vn -0.0942 -0.9951 -0.0286
vn -0.0942 0.9951 -0.0286
vn -0.9524 0.0975 -0.2889
vn -0.2790 -0.9565 -0.0846
vn -0.9161 0.2890 -0.2779
vn -0.8443 -0.2890 -0.4513
vn -0.2571 0.9565 -0.1374
vn -0.8777 -0.0975 -0.4691
vn -0.0869 -0.9951 -0.0464
vn -0.0869 0.9951 -0.0464
vn -0.8777 0.0975 -0.4691
vn -0.2571 -0.9565 -0.1374
vn -0.8443 0.2890 -0.4513
vn -0.4173 -0.8810 -0.2230
vn -0.7786 0.4696 -0.4162
vn -0.5611 -0.7715 -0.2999
vn -0.6831 0.6326 -0.3651
vn -0.6831 -0.6326 -0.3651
vn -0.5611 0.7715 -0.2999
vn -0.7786 -0.4696 -0.4162
vn -0.4173 0.8810 -0.2230
vn -0.6825 0.4696 -0.5601
vn -0.4918 -0.7715 -0.4036
vn -0.5987 0.6326 -0.4913
vn -0.5987 -0.6326 -0.4913
vn -0.4918 0.7715 -0.4036
vn -0.6825 -0.4696 -0.5601
vn -0.3658 0.8810 -0.3002
vn -0.7400 -0.2890 -0.6073
vn -0.2254 0.9565 -0.1850
vn -0.7693 -0.0975 -0.6314
vn -0.0761 -0.9951 -0.0625
vn -0.0761 0.9951 -0.0625
vn -0.7693 0.0975 -0.6314
vn -0.2254 -0.9565 -0.1850
vn -0.7400 0.2890 -0.6073
vn -0.3658 -0.8810 -0.3002
vn -0.1850 0.9565 -0.2254
vn -0.6314 -0.0975 -0.7693
vn -0.0625 -0.9951 -0.0761
vn -0.0625 0.9951 -0.0761
vn -0.6314 0.0975 -0.7693
vn -0.1850 -0.9565 -0.2254
vn -0.6073 0.2890 -0.7400
vn -0.3002 -0.8810 -0.3658
vn -0.5601 0.4696 -0.6825
vn -0.4036 -0.7715 -0.4918
vn -0.4913 0.6326 -0.5987
vn -0.4913 -0.6326 -0.5987
vn -0.4036 0.7715 -0.4918
vn -0.5601 -0.4696 -0.6825
vn -0.3002 0.8810 -0.3658
vn -0.6073 -0.2890 -0.7400
vn -0.2999 -0.7715 -0.5611
vn -0.3651 0.6326 -0.6831
vn -0.3651 -0.6326 -0.6831
vn -0.2999 0.7715 -0.5611
vn -0.4162 -0.4696 -0.7786
vn -0.2230 0.8810 -0.4173
vn -0.4513 -0.2890 -0.8443
vn -0.1374 0.9565 -0.2571
vn -0.4691 -0.0975 -0.8777
vn -0.0464 -0.9951 -0.0869
vn -0.0464 0.9951 -0.0869
vn -0.4691 0.0975 -0.8777
vn -0.1374 -0.9565 -0.2571
vn -0.4513 0.2890 -0.8443
vn -0.2230 -0.8810 -0.4173
vn -0.4162 0.4696 -0.7786
vn -0.2889 -0.0975 -0.9524
vn -0.0286 -0.9951 -0.0942
vn -0.0286 0.9951 -0.0942
vn -0.2889 0.0975 -0.9524
vn -0.0846 -0.9565 -0.2790
vn -0.2779 0.2890 -0.9161
vn -0.1374 -0.8810 -0.4528
vn -0.2563 0.4696 -0.8448
vn -0.1847 -0.7715 -0.6088
vn -0.2248 0.6326 -0.7412
vn -0.2248 -0.6326 -0.7412
vn -0.1847 0.7715 -0.6088
vn -0.2563 -0.4696 -0.8448
vn -0.1374 0.8810 -0.4528
vn -0.2779 -0.2890 -0.9161
vn -0.0846 0.9565 -0.2790
vn -0.0759 0.6326 -0.7708
vn -0.0759 -0.6326 -0.7708
vn -0.0624 0.7715 -0.6332
vn -0.0865 -0.4696 -0.8786
vn -0.0464 0.8810 -0.4709
vn -0.0938 -0.2890 -0.9527
vn -0.0286 0.9565 -0.2902
vn -0.0975 -0.0975 -0.9904
vn -0.0097 -0.9951 -0.0980
vn -0.0097 0.9951 -0.0980
vn -0.0975 0.0975 -0.9904
vn -0.0286 -0.9565 -0.2902
vn -0.0938 0.2890 -0.9527
vn -0.0464 -0.8810 -0.4709
vn -0.0865 0.4696 -0.8786
vn -0.0624 -0.7715 -0.6332
vn 0.0097 0.9951 -0.0980
vn 0.0975 0.0975 -0.9904
vn 0.0286 -0.9565 -0.2902
vn 0.0938 0.2890 -0.9527
vn 0.0464 -0.8810 -0.4709
vn 0.0865 0.4696 -0.8786
vn 0.0624 -0.7715 -0.6332
vn 0.0759 0.6326 -0.7708
vn 0.0759 -0.6326 -0.7708
vn 0.0624 0.7715 -0.6332
vn 0.0865 -0.4696 -0.8786
vn 0.0464 0.8810 -0.4709
vn 0.0938 -0.2890 -0.9527
vn 0.0286 0.9565 -0.2902
vn 0.0975 -0.0975 -0.9904
vn 0.0097 -0.9951 -0.0980
vn 0.1847 0.7715 -0.6088
vn 0.2563 -0.4696 -0.8448
vn 0.1374 0.8810 -0.4528
vn 0.2779 -0.2890 -0.9161
vn 0.0846 0.9565 -0.2790
vn 0.2889 -0.0975 -0.9524
vn 0.0286 -0.9951 -0.0942
vn 0.0286 0.9951 -0.0942
vn 0.2889 0.0975 -0.9524
vn 0.0846 -0.9565 -0.2790
vn 0.2779 0.2890 -0.9161
vn 0.1374 -0.8810 -0.4528
vn 0.2563 0.4696 -0.8448
vn 0.1847 -0.7715 -0.6088
vn 0.2248 0.6326 -0.7412
vn 0.2248 -0.6326 -0.7412
vn 0.1374 -0.9565 -0.2571
vn 0.4513 0.2890 -0.8443
vn 0.2230 -0.8810 -0.4173
vn 0.4162 0.4696 -0.7786
vn 0.2999 -0.7715 -0.5611
vn 0.3651 0.6326 -0.6831
vn 0.3651 -0.6326 -0.6831
vn 0.2999 0.7715 -0.5611
vn 0.4162 -0.4696 -0.7786
vn 0.2230 0.8810 -0.4173
vn 0.4513 -0.2890 -0.8443
vn 0.1374 0.9565 -0.2571
vn 0.4691 -0.0975 -0.8777
vn 0.0464 -0.9951 -0.0869
vn 0.0464 0.9951 -0.0869
vn 0.4691 0.0975 -0.8777
vn 0.5601 -0.4696 -0.6825
vn 0.3002 0.8810 -0.3658
vn 0.6073 -0.2890 -0.7400
vn 0.1850 0.9565 -0.2254
vn 0.6314 -0.0975 -0.7693
vn 0.0625 -0.9951 -0.0761
vn 0.0625 0.9951 -0.0761
vn 0.6314 0.0975 -0.7693
vn 0.1850 -0.9565 -0.2254
vn 0.6073 0.2890 -0.7400
vn 0.3002 -0.8810 -0.3658
vn 0.5601 0.4696 -0.6825
vn 0.4036 -0.7715 -0.4918
vn 0.4913 0.6326 -0.5987
vn 0.4913 -0.6326 -0.5987
vn 0.4036 0.7715 -0.4918
vn 0.7400 0.2890 -0.6073
vn 0.3658 -0.8810 -0.3002
vn 0.6825 0.4696 -0.5601
vn 0.4918 -0.7715 -0.4036
vn 0.5987 0.6326 -0.4913
vn 0.5987 -0.6326 -0.4913
vn 0.4918 0.7715 -0.4036
vn 0.6825 -0.4696 -0.5601
vn 0.3658 0.8810 -0.3002
vn 0.7400 -0.2890 -0.6073
vn 0.2254 0.9565 -0.1850
vn 0.7693 -0.0975 -0.6314
vn 0.0761 -0.9951 -0.0625
vn 0.0761 0.9951 -0.0625
vn 0.7693 0.0975 -0.6314
vn 0.2254 -0.9566 -0.1850
vn 0.4173 0.8810 -0.2230
vn 0.8443 -0.2890 -0.4513
vn 0.2571 0.9565 -0.1374
vn 0.8777 -0.0975 -0.4691
vn 0.0869 -0.9951 -0.0464
vn 0.0869 0.9951 -0.0464
vn 0.8777 0.0975 -0.4691
vn 0.2571 -0.9565 -0.1374
vn 0.8443 0.2890 -0.4513
vn 0.4173 -0.8810 -0.2231
vn 0.7786 0.4696 -0.4162
vn 0.5611 -0.7715 -0.2999
vn 0.6831 0.6326 -0.3651
vn 0.6831 -0.6326 -0.3651
vn 0.5611 0.7715 -0.2999
vn 0.7786 -0.4696 -0.4162
vn 0.4528 -0.8810 -0.1374
vn 0.8448 0.4696 -0.2563
vn 0.6088 -0.7715 -0.1847
vn 0.7412 0.6326 -0.2248
vn 0.7412 -0.6326 -0.2248
vn 0.6088 0.7715 -0.1847
vn 0.8448 -0.4696 -0.2563
vn 0.4528 0.8810 -0.1374
vn 0.9161 -0.2890 -0.2779
vn 0.2790 0.9565 -0.0846
vn 0.9524 -0.0975 -0.2889
vn 0.0942 -0.9951 -0.0286
vn 0.0942 0.9951 -0.0286
vn 0.9524 0.0975 -0.2889
vn 0.2790 -0.9565 -0.0846
vn 0.9161 0.2890 -0.2779
vn 0.9527 -0.2890 -0.0938
vn 0.2902 0.9565 -0.0286
vn 0.9904 -0.0975 -0.0976
vn 0.0980 -0.9951 -0.0097
vn 0.0980 0.9951 -0.0097
vn 0.9904 0.0975 -0.0976
vn 0.2902 -0.9565 -0.0286
vn 0.9527 0.2890 -0.0938
vn 0.4709 -0.8810 -0.0464
vn 0.8786 0.4696 -0.0865
vn 0.6332 -0.7715 -0.0624
vn 0.7708 0.6326 -0.0759
vn 0.7708 -0.6326 -0.0759
vn 0.6332 0.7715 -0.0624
vn 0.8786 -0.4696 -0.0865
vn 0.4709 0.8810 -0.0464
vn 0.8786 0.4696 0.0865
vn 0.6332 -0.7715 0.0624
vn 0.7708 0.6326 0.0759
vn 0.7708 -0.6326 0.0759
vn 0.6332 0.7715 0.0624
vn 0.8786 -0.4696 0.0865
vn 0.4709 0.8810 0.0464
vn 0.9527 -0.2890 0.0938
vn 0.2902 0.9565 0.0286
vn 0.9904 -0.0975 0.0976
vn 0.0980 -0.9951 0.0097
vn 0.0980 0.9951 0.0097
vn 0.9904 0.0975 0.0976
vn 0.2902 -0.9565 0.0286
vn 0.9527 0.2890 0.0938
vn 0.4709 -0.8810 0.0464
vn 0.2790 0.9565 0.0846
vn 0.9524 -0.0975 0.2889
vn 0.0942 -0.9951 0.0286
vn 0.0942 0.9951 0.0286
vn 0.9524 0.0975 0.2889
vn 0.2790 -0.9565 0.0846
vn 0.9161 0.2890 0.2779
vn 0.4528 -0.8810 0.1374
vn 0.8448 0.4696 0.2563
vn 0.6088 -0.7715 0.1847
vn 0.7412 0.6326 0.2248
vn 0.7412 -0.6326 0.2248
vn 0.6088 0.7715 0.1847
vn 0.8448 -0.4696 0.2563
vn 0.4528 0.8810 0.1374
vn 0.9161 -0.2890 0.2779
vn 0.6831 0.6326 0.3651
vn 0.6831 -0.6326 0.3651
vn 0.5611 0.7715 0.2999
vn 0.7786 -0.4696 0.4162
vn 0.4173 0.8810 0.2231
vn 0.8443 -0.2890 0.4513
vn 0.2571 0.9565 0.1374
vn 0.8777 -0.0975 0.4691
vn 0.0869 -0.9951 0.0464
vn 0.0869 0.9951 0.0464
vn 0.8777 0.0975 0.4691
vn 0.2571 -0.9565 0.1374
vn 0.8443 0.2890 0.4513
vn 0.4173 -0.8810 0.2231
vn 0.7786 0.4696 0.4162
vn 0.5611 -0.7715 0.2999
vn 0.0761 -0.9951 0.0625
vn 0.0761 0.9951 0.0625
vn 0.7693 0.0975 0.6314
vn 0.2254 -0.9565 0.1850
vn 0.7400 0.2890 0.6073
vn 0.3658 -0.8810 0.3002
vn 0.6825 0.4696 0.5601
vn 0.4918 -0.7715 0.4036
vn 0.5987 0.6326 0.4913
vn 0.5987 -0.6326 0.4913
vn 0.4918 0.7715 0.4036
vn 0.6825 -0.4696 0.5601
vn 0.3658 0.8810 0.3002
vn 0.7400 -0.2890 0.6073
vn 0.2254 0.9565 0.1850
vn 0.7693 -0.0975 0.6314
vn 0.4913 -0.6326 0.5987
vn 0.4036 0.7715 0.4918
vn 0.5601 -0.4696 0.6825
vn 0.3002 0.8810 0.3658
vn 0.6073 -0.2890 0.7400
vn 0.1850 0.9565 0.2254
vn 0.6314 -0.0975 0.7693
vn 0.0625 -0.9951 0.0761
vn 0.0625 0.9951 0.0761
vn 0.6314 0.0975 0.7693
vn 0.1850 -0.9565 0.2254
vn 0.6073 0.2890 0.7400
vn 0.3002 -0.8810 0.3658
vn 0.5601 0.4696 0.6825
vn 0.4036 -0.7715 0.4918
vn 0.4913 0.6326 0.5987
vn 0.4691 0.0975 0.8777
vn 0.1374 -0.9565 0.2571
vn 0.4513 0.2890 0.8443
vn 0.2230 -0.8810 0.4173
vn 0.4162 0.4696 0.7786
vn 0.2999 -0.7715 0.5611
vn 0.3651 0.6326 0.6831
vn 0.3651 -0.6326 0.6831
vn 0.2999 0.7715 0.5611
vn 0.4162 -0.4696 0.7786
vn 0.2230 0.8810 0.4173
vn 0.4513 -0.2890 0.8443
vn 0.1374 0.9565 0.2571
vn 0.4691 -0.0975 0.8777
vn 0.0464 -0.9951 0.0869
vn 0.0464 0.9951 0.0869
vn 0.1847 0.7715 0.6088
vn 0.2563 -0.4696 0.8448
vn 0.1374 0.8810 0.4528
vn 0.2779 -0.2890 0.9161
vn 0.0846 0.9565 0.2790
vn 0.2889 -0.0975 0.9524
vn 0.0286 -0.9951 0.0942
vn 0.0286 0.9951 0.0942
vn 0.2889 0.0975 0.9524
vn 0.0846 -0.9565 0.2790
vn 0.2779 0.2890 0.9161
vn 0.1374 -0.8810 0.4528
vn 0.2563 0.4696 0.8448
vn 0.1847 -0.7715 0.6088
vn 0.2248 0.6326 0.7412
vn 0.2248 -0.6326 0.7412
vn 0.0286 -0.9565 0.2902
vn 0.0938 0.2890 0.9527
vn 0.0464 -0.8810 0.4709
vn 0.0865 0.4696 0.8786
vn 0.0624 -0.7715 0.6332
vn 0.0759 0.6326 0.7708
vn 0.0759 -0.6326 0.7708
vn 0.0624 0.7715 0.6332
vn 0.0865 -0.4696 0.8786
vn 0.0464 0.8810 0.4709
vn 0.0938 -0.2890 0.9527
vn 0.0286 0.9565 0.2902
vn 0.0976 -0.0975 0.9904
vn 0.0097 -0.9951 0.0980
vn 0.0097 0.9951 0.0980
vn 0.0976 0.0975 0.9904
vn -0.0975 0.0975 0.9904
vn -0.0975 -0.0976 0.9904
vn -0.2889 0.0976 0.9524
vn -0.2231 0.8810 0.4173
vn -0.2230 -0.8810 0.4173
vn -0.4173 -0.8810 -0.2231
vn -0.4173 0.8810 -0.2231
vn 0.0976 0.0975 -0.9904
vn 0.0976 -0.0975 -0.9904
vn 0.2231 -0.8810 -0.4173
vn 0.2231 0.8810 -0.4173
vn 0.2254 -0.9565 -0.1850
vn 0.4173 -0.8810 -0.2230
vn 0.9904 -0.0975 -0.0975
vn 0.9904 0.0975 -0.0975
vn 0.9904 -0.0975 0.0975
vn 0.9904 0.0975 0.0975
vn 0.2254 -0.9566 0.1850
0.750000 0.812500
0.750000 0.687500
0.750000 0.562500
0.750000 0.500000
0.750000 0.437500
0.750000 0.312500
0.718750 0.937500
0.718750 0.875000
0.718750 0.812500
0.718750 0.750000
0.718750 0.687500
0.718750 0.625000
0.718750 0.562500
0.718750 0.500000
0.718750 0.437500
0.718750 0.375000
0.718750 0.312500
0.718750 0.250000
0.718750 0.187500
0.718750 0.125000
0.718750 0.062500
0.687500 0.937500
0.687500 0.875000
0.687500 0.812500
0.687500 0.750000
0.687500 0.687500
0.687500 0.625000
0.687500 0.562500
0.687500 0.500000
0.687500 0.437500
0.687500 0.375000
0.687500 0.312500
0.687500 0.250000
0.687500 0.187500
0.687500 0.125000
0.687500 0.062500
0.656250 0.937500
0.656250 0.875000
0.656250 0.812500
0.656250 0.750000
0.656250 0.687500
0.656250 0.625000
0.656250 0.562500
0.656250 0.500000
0.656250 0.437500
0.656250 0.375000
0.656250 0.312500
0.656250 0.250000
0.656250 0.187500
0.656250 0.125000
0.656250 0.062500
0.625000 0.937500
0.625000 0.875000
0.625000 0.812500
0.625000 0.750000
0.625000 0.687500
0.625000 0.625000
0.625000 0.562500
0.625000 0.500000
0.625000 0.437500
0.625000 0.375000
0.625000 0.312500
0.625000 0.250000
0.625000 0.187500
0.625000 0.125000
0.625000 0.062500
0.593750 0.937500
0.593750 0.875000
0.593750 0.812500
0.593750 0.750000
0.593750 0.687500
0.593750 0.625000
0.593750 0.562500
0.593750 0.500000
0.593750 0.437500
0.593750 0.375000
0.593750 0.312500
0.593750 0.250000
0.593750 0.187500
0.593750 0.125000
0.593750 0.062500
0.734375 1.000000
0.703125 1.000000
0.671875 1.000000
0.640625 1.000000
0.609375 1.000000
0.578125 1.000000
0.546875 1.000000
0.515625 1.000000
0.484375 1.000000
0.453125 1.000000
0.421875 1.000000
0.390625 1.000000
0.359375 1.000000
0.328125 1.000000
0.296875 1.000000
0.265625 1.000000
0.234375 1.000000
0.203125 1.000000
0.171875 1.000000
0.140625 1.000000
0.109375 1.000000
0.078125 1.000000
0.046875 1.000000
0.015625 1.000000
0.984375 1.000000
0.953125 1.000000
0.921875 1.000000
0.890625 1.000000
0.859375 1.000000
0.828125 1.000000
0.796875 1.000000
0.765625 1.000000
0.562500 0.937500
0.562500 0.875000
0.562500 0.812500
0.562500 0.750000
0.562500 0.687500
0.562500 0.625000
0.562500 0.562500
0.562500 0.500000
0.562500 0.437500
0.562500 0.375000
0.562500 0.312500
0.562500 0.250000
0.562500 0.187500
0.562500 0.125000
0.562500 0.062500
0.531250 0.937500
0.531250 0.875000
0.531250 0.812500
0.531250 0.750000
0.531250 0.687500
0.531250 0.625000
0.531250 0.562500
0.531250 0.500000
0.531250 0.437500
0.531250 0.375000
0.531250 0.312500
0.531250 0.250000
0.531250 0.187500
0.531250 0.125000
0.531250 0.062500
0.500000 0.937500
0.500000 0.875000
0.500000 0.812500
0.500000 0.750000
0.500000 0.687500
0.500000 0.625000
0.500000 0.562500
0.500000 0.500000
0.500000 0.437500
0.500000 0.375000
0.500000 0.312500
0.500000 0.250000
0.500000 0.187500
0.500000 0.125000
0.500000 0.062500
0.468750 0.937500
0.468750 0.875000
0.468750 0.812500
0.468750 0.750000
0.468750 0.687500
0.468750 0.625000
0.468750 0.562500
0.468750 0.500000
0.468750 0.437500
0.468750 0.375000
0.468750 0.312500
0.468750 0.250000
0.468750 0.187500
0.468750 0.125000
0.468750 0.062500
0.437500 0.937500
0.437500 0.875000
0.437500 0.812500
0.437500 0.750000
0.437500 0.687500
0.437500 0.625000
0.437500 0.562500
0.437500 0.500000
0.437500 0.437500
0.437500 0.375000
0.437500 0.312500
0.437500 0.250000
0.437500 0.187500
0.437500 0.125000
0.437500 0.062500
0.406250 0.937500
0.406250 0.875000
0.406250 0.812500
0.406250 0.750000
0.406250 0.687500
0.406250 0.625000
0.406250 0.562500
0.406250 0.500000
0.406250 0.437500
0.406250 0.375000
0.406250 0.312500
0.406250 0.250000
0.406250 0.187500
0.406250 0.125000
0.406250 0.062500
0.375000 0.937500
0.375000 0.875000
0.375000 0.812500
0.375000 0.750000
0.375000 0.687500
0.375000 0.625000
0.375000 0.562500
0.375000 0.500000
0.375000 0.437500
0.375000 0.375000
0.375000 0.312500
0.375000 0.250000
0.375000 0.187500
0.375000 0.125000
0.375000 0.062500
0.343750 0.937500
0.343750 0.875000
0.343750 0.812500
0.343750 0.750000
0.343750 0.687500
0.343750 0.625000
0.343750 0.562500
0.343750 0.500000
0.343750 0.437500
0.343750 0.375000
0.343750 0.312500
0.343750 0.250000
0.343750 0.187500
0.343750 0.125000
0.343750 0.062500
0.312500 0.937500
0.312500 0.875000
0.312500 0.812500
0.312500 0.750000
0.312500 0.687500
0.312500 0.625000
0.312500 0.562500
0.312500 0.500000
0.312500 0.437500
0.312500 0.375000
0.312500 0.312500
0.312500 0.250000
0.312500 0.187500
0.312500 0.125000
0.312500 0.062500
0.281250 0.937500
0.281250 0.875000
0.281250 0.812500
0.281250 0.750000
0.281250 0.687500
0.281250 0.625000
0.281250 0.562500
0.281250 0.500000
0.281250 0.437500
0.281250 0.375000
0.281250 0.312500
0.281250 0.250000
0.281250 0.187500
0.281250 0.125000
0.281250 0.062500
0.250000 0.937500
0.250000 0.875000
0.250000 0.812500
0.250000 0.750000
0.250000 0.687500
0.250000 0.625000
0.250000 0.562500
0.250000 0.500000
0.250000 0.437500
0.250000 0.375000
0.250000 0.312500
0.250000 0.250000
0.250000 0.187500
0.250000 0.125000
0.250000 0.062500
0.218750 0.937500
0.218750 0.875000
0.218750 0.812500
0.218750 0.750000
0.218750 0.687500
0.218750 0.625000
0.218750 0.562500
0.218750 0.500000
0.218750 0.437500
0.218750 0.375000
0.218750 0.312500
0.218750 0.250000
0.218750 0.187500
0.218750 0.125000
0.218750 0.062500
0.187500 0.937500
0.187500 0.875000
0.187500 0.812500
0.187500 0.750000
0.187500 0.687500
0.187500 0.625000
0.187500 0.562500
0.187500 0.500000
0.187500 0.437500
0.187500 0.375000
0.187500 0.312500
0.187500 0.250000
0.187500 0.187500
0.187500 0.125000
0.187500 0.062500
0.156250 0.937500
0.156250 0.875000
0.156250 0.812500
0.156250 0.750000
0.156250 0.687500
0.156250 0.625000
0.156250 0.562500
0.156250 0.500000
0.156250 0.437500
0.156250 0.375000
0.156250 0.312500
0.156250 0.250000
0.156250 0.187500
0.156250 0.125000
0.156250 0.062500
0.125000 0.937500
0.125000 0.875000
0.125000 0.812500
0.125000 0.750000
0.125000 0.687500
0.125000 0.625000
0.125000 0.562500
0.125000 0.500000
0.125000 0.437500
0.125000 0.375000
0.125000 0.312500
0.125000 0.250000
0.125000 0.187500
0.125000 0.125000
0.125000 0.062500
0.734375 0.000000
0.703125 0.000000
0.671875 0.000000
0.640625 0.000000
0.609375 0.000000
0.578125 0.000000
0.546875 0.000000
0.515625 0.000000
0.484375 0.000000
0.453125 0.000000
0.421875 0.000000
0.390625 0.000000
0.359375 0.000000
0.328125 0.000000
0.296875 0.000000
0.265625 0.000000
0.234375 0.000000
0.203125 0.000000
0.171875 0.000000
0.140625 0.000000
0.109375 0.000000
0.078125 0.000000
0.046875 0.000000
0.015625 0.000000
0.984375 0.000000
0.953125 0.000000
0.921875 0.000000
0.890625 0.000000
0.859375 0.000000
0.828125 0.000000
0.796875 0.000000
0.765625 0.000000
0.093750 0.937500
0.093750 0.875000
0.093750 0.812500
0.093750 0.750000
0.093750 0.687500
0.093750 0.625000
0.093750 0.562500
0.093750 0.500000
0.093750 0.437500
0.093750 0.375000
0.093750 0.312500
0.093750 0.250000
0.093750 0.187500
0.093750 0.125000
0.093750 0.062500
0.062500 0.937500
0.062500 0.875000
0.062500 0.812500
0.062500 0.750000
0.062500 0.687500
0.062500 0.625000
0.062500 0.562500
0.062500 0.500000
0.062500 0.437500
0.062500 0.375000
0.062500 0.312500
0.062500 0.250000
0.062500 0.187500
0.062500 0.125000
0.062500 0.062500
0.031250 0.937500
0.031250 0.875000
0.031250 0.812500
0.031250 0.750000
0.031250 0.687500
0.031250 0.625000
0.031250 0.562500
0.031250 0.500000
0.031250 0.437500
0.031250 0.375000
0.031250 0.312500
0.031250 0.250000
0.031250 0.187500
0.031250 0.125000
0.031250 0.062500
1.000000 0.937500
0.000000 0.937500
0.000000 0.875000
1.000000 0.875000
0.000000 0.812500
1.000000 0.812500
1.000000 0.750000
0.000000 0.750000
0.000000 0.687500
1.000000 0.687500
1.000000 0.625000
0.000000 0.625000
0.000000 0.562500
1.000000 0.562500
0.000000 0.500000
1.000000 0.500000
0.000000 0.437500
1.000000 0.437500
1.000000 0.375000
0.000000 0.375000
0.000000 0.312500
1.000000 0.312500
1.000000 0.250000
0.000000 0.250000
0.000000 0.187500
1.000000 0.187500
0.000000 0.125000
1.000000 0.125000
1.000000 0.062500
0.000000 0.062500
0.968750 0.937500
0.968750 0.875000
0.968750 0.812500
0.968750 0.750000
0.968750 0.687500
0.968750 0.625000
0.968750 0.562500
0.968750 0.500000
0.968750 0.437500
0.968750 0.375000
0.968750 0.312500
0.968750 0.250000
0.968750 0.187500
0.968750 0.125000
0.968750 0.062500
0.937500 0.937500
0.937500 0.875000
0.937500 0.812500
0.937500 0.750000
0.937500 0.687500
0.937500 0.625000
0.937500 0.562500
0.937500 0.500000
0.937500 0.437500
0.937500 0.375000
0.937500 0.312500
0.937500 0.250000
0.937500 0.187500
0.937500 0.125000
0.937500 0.062500
0.906250 0.937500
0.906250 0.875000
0.906250 0.812500
0.906250 0.750000
0.906250 0.687500
0.906250 0.625000
0.906250 0.562500
0.906250 0.500000
0.906250 0.437500
0.906250 0.375000
0.906250 0.312500
0.906250 0.250000
0.906250 0.187500
0.906250 0.125000
0.906250 0.062500
0.875000 0.937500
0.875000 0.875000
0.875000 0.812500
0.875000 0.750000
0.875000 0.687500
0.875000 0.625000
0.875000 0.562500
0.875000 0.500000
0.875000 0.437500
0.875000 0.375000
0.875000 0.312500
0.875000 0.250000
0.875000 0.187500
0.875000 0.125000
0.875000 0.062500
0.843750 0.937500
0.843750 0.875000
0.843750 0.812500
0.843750 0.750000
0.843750 0.687500
0.843750 0.625000
0.843750 0.562500
0.843750 0.500000
0.843750 0.437500
0.843750 0.375000
0.843750 0.312500
0.843750 0.250000
0.843750 0.187500
0.843750 0.125000
0.843750 0.062500
0.812500 0.937500
0.812500 0.875000
0.812500 0.812500
0.812500 0.750000
0.812500 0.687500
0.812500 0.625000
0.812500 0.562500
0.812500 0.500000
0.812500 0.437500
0.812500 0.375000
0.812500 0.312500
0.812500 0.250000
0.812500 0.187500
0.812500 0.125000
0.812500 0.062500
0.781250 0.937500
0.781250 0.875000
0.781250 0.812500
0.781250 0.750000
0.781250 0.687500
0.781250 0.625000
0.781250 0.562500
0.781250 0.500000
0.781250 0.437500
0.781250 0.375000
0.781250 0.312500
0.781250 0.250000
0.781250 0.187500
0.781250 0.125000
0.781250 0.062500
0.750000 0.937500
0.750000 0.875000
0.750000 0.750000
0.750000 0.625000
0.750000 0.375000
0.750000 0.250000
0.750000 0.187500
0.750000 0.125000
0.750000 0.062500
s 0
g off
15/15/1 4/4/1 5/5/1
475/552/2 7/7/2 474/551/2
16/16/3 5/5/3 478/555/3
1/1/4 8/8/4 475/552/4
17/17/5 478/555/5 6/6/5
476/553/6 9/9/6 1/1/6
18/18/7 6/6/7 479/556/7
11/11/8 476/553/8 2/2/8
19/19/9 479/556/9 480/557/9
477/554/10 11/11/10 2/2/10
20/20/11 480/557/11 481/558/11
3/3/12 12/12/12 477/554/12
21/21/13 481/558/13 482/559/13
14/14/14 3/3/14 4/4/14
474/551/15 7/7/15 82/82/15
308/339/16 21/21/16 482/559/16
29/29/17 13/13/17 14/14/17
7/7/18 22/22/18 82/83/18
308/340/19 36/36/19 21/21/19
30/30/20 14/14/20 15/15/20
23/23/21 7/7/21 8/8/21
31/31/22 15/15/22 16/16/22
24/24/23 8/8/23 9/9/23
32/32/24 16/16/24 17/17/24
25/25/25 9/9/25 10/10/25
33/33/26 17/17/26 18/18/26
26/26/27 10/10/27 11/11/27
19/19/28 33/33/28 18/18/28
27/27/29 11/11/29 12/12/29
20/20/30 34/34/30 19/19/30
13/13/31 27/27/31 12/12/31
36/36/32 20/20/32 21/21/32
33/33/33 47/47/33 32/32/33
41/41/34 25/25/34 26/26/34
34/34/35 48/48/35 33/33/35
42/42/36 26/26/36 27/27/36
50/50/37 34/34/37 35/35/37
28/28/38 42/42/38 27/27/38
36/36/39 50/50/39 35/35/39
44/44/40 28/28/40 29/29/40
22/22/41 37/37/41 82/84/41
308/341/42 51/51/42 36/36/42
30/30/43 44/44/43 29/29/43
38/38/44 22/22/44 23/23/44
46/46/45 30/30/45 31/31/45
39/39/46 23/23/46 24/24/46
32/32/47 46/46/47 31/31/47
40/40/48 24/24/48 25/25/48
37/37/49 52/52/49 82/85/49
308/342/50 66/66/50 51/51/50
60/60/51 44/44/51 45/45/51
53/53/52 37/37/52 38/38/52
61/61/53 45/45/53 46/46/53
54/54/54 38/38/54 39/39/54
47/47/55 61/61/55 46/46/55
55/55/56 39/39/56 40/40/56
63/63/57 47/47/57 48/48/57
56/56/58 40/40/58 41/41/58
64/64/59 48/48/59 49/49/59
57/57/60 41/41/60 42/42/60
50/50/61 64/64/61 49/49/61
43/43/62 57/57/62 42/42/62
66/66/63 50/50/63 51/51/63
59/59/64 43/43/64 44/44/64
56/56/65 70/70/65 55/55/65
64/64/66 78/78/66 63/63/66
72/72/67 56/56/67 57/57/67
80/80/68 64/64/68 65/65/68
58/58/69 72/72/69 57/57/69
81/81/70 65/65/70 66/66/70
59/59/71 73/73/71 58/58/71
52/52/72 67/67/72 82/86/72
308/343/73 81/81/73 66/66/73
75/75/74 59/59/74 60/60/74
68/68/75 52/52/75 53/53/75
76/76/76 60/60/76 61/61/76
69/69/77 53/53/77 54/54/77
62/62/78 76/76/78 61/61/78
70/70/79 54/54/79 55/55/79
78/78/80 62/62/80 63/63/80
91/122/81 74/74/81 75/75/81
84/115/82 67/67/82 68/68/82
92/123/83 75/75/83 76/76/83
85/116/84 68/68/84 69/69/84
77/77/85 92/123/85 76/76/85
70/70/86 85/116/86 69/69/86
94/125/87 77/77/87 78/78/87
71/71/88 86/117/88 70/70/88
95/126/89 78/78/89 79/79/89
88/119/90 71/71/90 72/72/90
96/127/91 79/79/91 80/80/91
73/73/92 88/119/92 72/72/92
81/81/93 96/127/93 80/80/93
74/74/94 89/120/94 73/73/94
67/67/95 83/114/95 82/87/95
308/344/96 97/128/96 81/81/96
95/126/97 109/140/97 94/125/97
103/134/98 87/118/98 88/119/98
96/127/99 110/141/99 95/126/99
89/120/100 103/134/100 88/119/100
112/143/101 96/127/101 97/128/101
90/121/102 104/135/102 89/120/102
83/114/103 98/129/103 82/88/103
308/345/104 112/143/104 97/128/104
106/137/105 90/121/105 91/122/105
99/130/106 83/114/106 84/115/106
107/138/107 91/122/107 92/123/107
100/131/108 84/115/108 85/116/108
93/124/109 107/138/109 92/123/109
101/132/110 85/116/110 86/117/110
109/140/111 93/124/111 94/125/111
87/118/112 101/132/112 86/117/112
122/153/113 106/137/113 107/138/113
115/146/114 99/130/114 100/131/114
108/139/115 122/153/115 107/138/115
116/147/116 100/131/116 101/132/116
124/155/117 108/139/117 109/140/117
102/133/118 116/147/118 101/132/118
110/141/119 124/155/119 109/140/119
118/149/120 102/133/120 103/134/120
126/157/121 110/141/121 111/142/121
104/135/122 118/149/122 103/134/122
112/143/123 126/157/123 111/142/123
105/136/124 119/150/124 104/135/124
98/129/125 113/144/125 82/89/125
308/346/126 127/158/126 112/143/126
121/152/127 105/136/127 106/137/127
114/145/128 98/129/128 99/130/128
141/172/129 125/156/129 126/157/129
119/150/130 133/164/130 118/149/130
142/173/131 126/157/131 127/158/131
120/151/132 134/165/132 119/150/132
113/144/133 128/159/133 82/90/133
308/347/134 142/173/134 127/158/134
136/167/135 120/151/135 121/152/135
114/145/136 128/159/136 113/144/136
137/168/137 121/152/137 122/153/137
130/161/138 114/145/138 115/146/138
123/154/139 137/168/139 122/153/139
131/162/140 115/146/140 116/147/140
139/170/141 123/154/141 124/155/141
117/148/142 131/162/142 116/147/142
125/156/143 139/170/143 124/155/143
133/164/144 117/148/144 118/149/144
145/176/145 129/160/145 130/161/145
138/169/146 152/183/146 137/168/146
146/177/147 130/161/147 131/162/147
154/185/148 138/169/148 139/170/148
132/163/149 146/177/149 131/162/149
140/171/150 154/185/150 139/170/150
148/179/151 132/163/151 133/164/151
156/187/152 140/171/152 141/172/152
134/165/153 148/179/153 133/164/153
157/188/154 141/172/154 142/173/154
135/166/155 149/180/155 134/165/155
128/159/156 143/174/156 82/91/156
308/348/157 157/188/157 142/173/157
151/182/158 135/166/158 136/167/158
144/175/159 128/159/159 129/160/159
152/183/160 136/167/160 137/168/160
149/180/161 163/194/161 148/179/161
157/188/162 171/202/162 156/187/162
150/181/163 164/195/163 149/180/163
143/174/164 158/189/164 82/92/164
308/349/165 172/203/165 157/188/165
166/197/166 150/181/166 151/182/166
159/190/167 143/174/167 144/175/167
167/198/168 151/182/168 152/183/168
145/176/169 159/190/169 144/175/169
153/184/170 167/198/170 152/183/170
161/192/171 145/176/171 146/177/171
169/200/172 153/184/172 154/185/172
147/178/173 161/192/173 146/177/173
155/186/174 169/200/174 154/185/174
163/194/175 147/178/175 148/179/175
171/202/176 155/186/176 156/187/176
168/199/177 182/213/177 167/198/177
176/207/178 160/191/178 161/192/178
184/215/179 168/199/179 169/200/179
162/193/180 176/207/180 161/192/180
170/201/181 184/215/181 169/200/181
178/209/182 162/193/182 163/194/182
186/217/183 170/201/183 171/202/183
164/195/184 178/209/184 163/194/184
172/203/185 186/217/185 171/202/185
165/196/186 179/210/186 164/195/186
158/189/187 173/204/187 82/93/187
308/350/188 187/218/188 172/203/188
181/212/189 165/196/189 166/197/189
174/205/190 158/189/190 159/190/190
182/213/191 166/197/191 167/198/191
175/206/192 159/190/192 160/191/192
202/233/193 186/217/193 187/218/193
180/211/194 194/225/194 179/210/194
173/204/195 188/219/195 82/94/195
308/351/196 202/233/196 187/218/196
196/227/197 180/211/197 181/212/197
174/205/198 188/219/198 173/204/198
197/228/199 181/212/199 182/213/199
175/206/200 189/220/200 174/205/200
183/214/201 197/228/201 182/213/201
191/222/202 175/206/202 176/207/202
199/230/203 183/214/203 184/215/203
177/208/204 191/222/204 176/207/204
185/216/205 199/230/205 184/215/205
193/224/206 177/208/206 178/209/206
201/232/207 185/216/207 186/217/207
179/210/208 193/224/208 178/209/208
206/237/209 190/221/209 191/222/209
214/245/210 198/229/210 199/230/210
192/223/211 206/237/211 191/222/211
200/231/212 214/245/212 199/230/212
208/239/213 192/223/213 193/224/213
216/247/214 200/231/214 201/232/214
194/225/215 208/239/215 193/224/215
217/248/216 201/232/216 202/233/216
195/226/217 209/240/217 194/225/217
188/219/218 203/234/218 82/95/218
308/352/219 217/248/219 202/233/219
211/242/220 195/226/220 196/227/220
204/235/221 188/219/221 189/220/221
212/243/222 196/227/222 197/228/222
205/236/223 189/220/223 190/221/223
198/229/224 212/243/224 197/228/224
210/241/225 224/255/225 209/240/225
203/234/226 218/249/226 82/96/226
308/353/227 232/263/227 217/248/227
226/257/228 210/241/228 211/242/228
219/250/229 203/234/229 204/235/229
227/258/230 211/242/230 212/243/230
220/251/231 204/235/231 205/236/231
213/244/232 227/258/232 212/243/232
221/252/233 205/236/233 206/237/233
229/260/234 213/244/234 214/245/234
207/238/235 221/252/235 206/237/235
215/246/236 229/260/236 214/245/236
223/254/237 207/238/237 208/239/237
231/262/238 215/246/238 216/247/238
209/240/239 223/254/239 208/239/239
232/263/240 216/247/240 217/248/240
244/275/241 228/259/241 229/260/241
222/253/242 236/267/242 221/252/242
230/261/243 244/275/243 229/260/243
238/269/244 222/253/244 223/254/244
246/277/245 230/261/245 231/262/245
224/255/246 238/269/246 223/254/246
247/278/247 231/262/247 232/263/247
225/256/248 239/270/248 224/255/248
218/249/249 233/264/249 82/97/249
308/354/250 247/278/250 232/263/250
241/272/251 225/256/251 226/257/251
234/265/252 218/249/252 219/250/252
242/273/253 226/257/253 227/258/253
235/266/254 219/250/254 220/251/254
228/259/255 242/273/255 227/258/255
236/267/256 220/251/256 221/252/256
308/355/257 262/293/257 247/278/257
256/287/258 240/271/258 241/272/258
249/280/259 233/264/259 234/265/259
257/288/260 241/272/260 242/273/260
250/281/261 234/265/261 235/266/261
243/274/262 257/288/262 242/273/262
251/282/263 235/266/263 236/267/263
259/290/264 243/274/264 244/275/264
237/268/265 251/282/265 236/267/265
245/276/266 259/290/266 244/275/266
253/284/267 237/268/267 238/269/267
261/292/268 245/276/268 246/277/268
239/270/269 253/284/269 238/269/269
247/278/270 261/292/270 246/277/270
240/271/271 254/285/271 239/270/271
233/264/272 248/279/272 82/98/272
260/291/273 274/305/273 259/290/273
268/299/274 252/283/274 253/284/274
261/292/275 275/306/275 260/291/275
254/285/276 268/299/276 253/284/276
277/308/277 261/292/277 262/293/277
255/286/278 269/300/278 254/285/278
248/279/279 263/294/279 82/99/279
308/356/280 277/308/280 262/293/280
271/302/281 255/286/281 256/287/281
249/280/282 263/294/282 248/279/282
272/303/283 256/287/283 257/288/283
265/296/284 249/280/284 250/281/284
258/289/285 272/303/285 257/288/285
266/297/286 250/281/286 251/282/286
274/305/287 258/289/287 259/290/287
252/283/288 266/297/288 251/282/288
279/310/289 263/294/289 264/295/289
287/318/290 271/302/290 272/303/290
280/311/291 264/295/291 265/296/291
273/304/292 287/318/292 272/303/292
281/312/293 265/296/293 266/297/293
289/320/294 273/304/294 274/305/294
267/298/295 281/312/295 266/297/295
275/306/296 289/320/296 274/305/296
283/314/297 267/298/297 268/299/297
276/307/298 290/321/298 275/306/298
269/300/299 283/314/299 268/299/299
292/323/300 276/307/300 277/308/300
270/301/301 284/315/301 269/300/301
263/294/302 278/309/302 82/100/302
308/357/303 292/323/303 277/308/303
286/317/304 270/301/304 271/302/304
298/329/305 282/313/305 283/314/305
306/337/306 290/321/306 291/322/306
284/315/307 298/329/307 283/314/307
307/338/308 291/322/308 292/323/308
285/316/309 299/330/309 284/315/309
278/309/310 293/324/310 82/101/310
308/358/311 307/338/311 292/323/311
301/332/312 285/316/312 286/317/312
294/325/313 278/309/313 279/310/313
302/333/314 286/317/314 287/318/314
280/311/315 294/325/315 279/310/315
288/319/316 302/333/316 287/318/316
296/327/317 280/311/317 281/312/317
304/335/318 288/319/318 289/320/318
282/313/319 296/327/319 281/312/319
290/321/320 304/335/320 289/320/320
318/380/321 301/332/321 302/333/321
295/326/322 310/372/322 294/325/322
303/334/323 318/380/323 302/333/323
312/374/324 295/326/324 296/327/324
320/382/325 303/334/325 304/335/325
297/328/326 312/374/326 296/327/326
305/336/327 320/382/327 304/335/327
314/376/328 297/328/328 298/329/328
322/384/329 305/336/329 306/337/329
299/330/330 314/376/330 298/329/330
323/385/331 306/337/331 307/338/331
300/331/332 315/377/332 299/330/332
293/324/333 309/371/333 82/102/333
308/359/334 323/385/334 307/338/334
317/379/335 300/331/335 301/332/335
294/325/336 309/371/336 293/324/336
322/384/337 336/398/337 321/383/337
315/377/338 329/391/338 314/376/338
338/400/339 322/384/339 323/385/339
316/378/340 330/392/340 315/377/340
309/371/341 324/386/341 82/103/341
308/360/342 338/400/342 323/385/342
332/394/343 316/378/343 317/379/343
325/387/344 309/371/344 310/372/344
333/395/345 317/379/345 318/380/345
311/373/346 325/387/346 310/372/346
319/381/347 333/395/347 318/380/347
327/389/348 311/373/348 312/374/348
335/397/349 319/381/349 320/382/349
313/375/350 327/389/350 312/374/350
321/383/351 335/397/351 320/382/351
329/391/352 313/375/352 314/376/352
341/403/353 325/387/353 326/388/353
334/396/354 348/410/354 333/395/354
342/404/355 326/388/355 327/389/355
350/412/356 334/396/356 335/397/356
328/390/357 342/404/357 327/389/357
336/398/358 350/412/358 335/397/358
344/406/359 328/390/359 329/391/359
352/414/360 336/398/360 337/399/360
330/392/361 344/406/361 329/391/361
338/400/362 352/414/362 337/399/362
331/393/363 345/407/363 330/392/363
324/386/364 339/401/364 82/104/364
308/361/365 353/415/365 338/400/365
347/409/366 331/393/366 332/394/366
325/387/367 339/401/367 324/386/367
348/410/368 332/394/368 333/395/368
345/407/369 359/427/369 344/406/369
368/445/370 352/414/370 353/415/370
346/408/371 360/428/371 345/407/371
339/401/372 354/417/372 82/105/372
308/362/373 368/445/373 353/415/373
362/432/374 346/408/374 347/409/374
355/418/375 339/401/375 340/402/375
363/435/376 347/409/376 348/410/376
356/420/377 340/402/377 341/403/377
349/411/378 363/435/378 348/410/378
357/423/379 341/403/379 342/404/379
365/439/380 349/411/380 350/412/380
343/405/381 357/423/381 342/404/381
351/413/382 365/439/382 350/412/382
359/427/383 343/405/383 344/406/383
367/442/384 351/413/384 352/414/384
364/437/385 378/455/385 363/434/385
372/449/386 356/421/386 357/422/386
380/457/387 364/437/387 365/438/387
358/425/388 372/449/388 357/422/388
366/441/389 380/457/389 365/438/389
374/451/390 358/425/390 359/426/390
382/459/391 366/441/391 367/443/391
360/429/392 374/451/392 359/426/392
383/460/393 367/443/393 368/444/393
361/431/394 375/452/394 360/429/394
354/416/395 369/446/395 82/106/395
308/363/396 383/460/396 368/444/396
377/454/397 361/431/397 362/433/397
355/419/398 369/446/398 354/416/398
378/455/399 362/433/399 363/434/399
356/421/400 370/447/400 355/419/400
398/475/401 382/459/401 383/460/401
376/453/402 390/467/402 375/452/402
369/446/403 384/461/403 82/107/403
308/364/404 398/475/404 383/460/404
392/469/405 376/453/405 377/454/405
385/462/406 369/446/406 370/447/406
393/470/407 377/454/407 378/455/407
371/448/408 385/462/408 370/447/408
379/456/409 393/470/409 378/455/409
387/464/410 371/448/410 372/449/410
395/472/411 379/456/411 380/457/411
373/450/412 387/464/412 372/449/412
381/458/413 395/472/413 380/457/413
389/466/414 373/450/414 374/451/414
397/474/415 381/458/415 382/459/415
375/452/416 389/466/416 374/451/416
410/487/417 394/471/417 395/472/417
388/465/418 402/479/418 387/464/418
396/473/419 410/487/419 395/472/419
404/481/420 388/465/420 389/466/420
397/474/421 411/488/421 396/473/421
390/467/422 404/481/422 389/466/422
413/490/423 397/474/423 398/475/423
391/468/424 405/482/424 390/467/424
384/461/425 399/476/425 82/108/425
308/365/426 413/490/426 398/475/426
407/484/427 391/468/427 392/469/427
385/462/428 399/476/428 384/461/428
408/485/429 392/469/429 393/470/429
401/478/430 385/462/430 386/463/430
394/471/431 408/485/431 393/470/431
402/479/432 386/463/432 387/464/432
399/476/433 414/491/433 82/109/433
308/366/434 428/505/434 413/490/434
422/499/435 406/483/435 407/484/435
415/492/436 399/476/436 400/477/436
423/500/437 407/484/437 408/485/437
401/478/438 415/492/438 400/477/438
409/486/439 423/500/439 408/485/439
417/494/440 401/478/440 402/479/440
425/502/441 409/486/441 410/487/441
403/480/442 417/494/442 402/479/442
411/488/443 425/502/443 410/487/443
419/496/444 403/480/444 404/481/444
427/504/445 411/488/445 412/489/445
405/482/446 419/496/446 404/481/446
413/490/447 427/504/447 412/489/447
406/483/448 420/497/448 405/482/448
418/495/449 432/509/449 417/494/449
426/503/450 440/517/450 425/502/450
434/511/451 418/495/451 419/496/451
442/519/452 426/503/452 427/504/452
420/497/453 434/511/453 419/496/453
443/520/454 427/504/454 428/505/454
421/498/455 435/512/455 420/497/455
414/491/456 429/506/456 82/110/456
308/367/457 443/520/457 428/505/457
437/514/458 421/498/458 422/499/458
430/507/459 414/491/459 415/492/459
438/515/460 422/499/460 423/500/460
416/493/461 430/507/461 415/492/461
424/501/462 438/515/462 423/500/462
432/509/463 416/493/463 417/494/463
440/517/464 424/501/464 425/502/464
452/529/465 436/513/465 437/514/465
445/522/466 429/506/466 430/507/466
453/530/467 437/514/467 438/515/467
431/508/468 445/522/468 430/507/468
439/516/469 453/530/469 438/515/469
447/524/470 431/508/470 432/509/470
455/532/471 439/516/471 440/517/471
433/510/472 447/524/472 432/509/472
441/518/473 455/532/473 440/517/473
449/526/474 433/510/474 434/511/474
457/534/475 441/518/475 442/519/475
435/512/476 449/526/476 434/511/476
458/535/477 442/519/477 443/520/477
436/513/478 450/527/478 435/512/478
429/506/479 444/521/479 82/111/479
308/368/480 458/535/480 443/520/480
456/533/481 470/547/481 455/532/481
464/541/482 448/525/482 449/526/482
472/549/483 456/533/483 457/534/483
450/527/484 464/541/484 449/526/484
473/550/485 457/534/485 458/535/485
451/528/486 465/542/486 450/527/486
444/521/487 459/536/487 82/112/487
308/369/488 473/550/488 458/535/488
467/544/489 451/528/489 452/529/489
460/537/490 444/521/490 445/522/490
468/545/491 452/529/491 453/530/491
446/523/492 460/537/492 445/522/492
454/531/493 468/545/493 453/530/493
462/539/494 446/523/494 447/524/494
470/547/495 454/531/495 455/532/495
448/525/496 462/539/496 447/524/496
460/537/497 474/551/497 459/536/497
478/555/498 467/544/498 468/545/498
461/538/499 475/552/499 460/537/499
6/6/500 468/545/500 469/546/500
462/539/501 1/1/501 461/538/501
479/556/502 469/546/502 470/547/502
463/540/503 476/553/503 462/539/503
471/548/504 479/556/504 470/547/504
464/541/505 2/2/505 463/540/505
481/558/506 471/548/506 472/549/506
465/542/507 477/554/507 464/541/507
482/559/508 472/549/508 473/550/508
466/543/509 3/3/509 465/542/509
459/536/510 474/551/510 82/113/510
308/370/511 482/559/511 473/550/511
5/5/512 466/543/512 467/544/512
15/15/513 14/14/513 4/4/513
475/552/2 8/8/2 7/7/2
16/16/3 15/15/3 5/5/3
1/1/4 9/9/4 8/8/4
17/17/5 16/16/5 478/555/5
476/553/6 10/10/6 9/9/6
18/18/7 17/17/7 6/6/7
11/11/8 10/10/8 476/553/8
19/19/9 18/18/9 479/556/9
477/554/10 12/12/10 11/11/10
20/20/11 19/19/11 480/557/11
3/3/12 13/13/12 12/12/12
21/21/13 20/20/13 481/558/13
14/14/514 13/13/514 3/3/514
29/29/17 28/28/17 13/13/17
30/30/515 29/29/515 14/14/515
23/23/21 22/22/21 7/7/21
31/31/22 30/30/22 15/15/22
24/24/23 23/23/23 8/8/23
32/32/24 31/31/24 16/16/24
25/25/25 24/24/25 9/9/25
33/33/26 32/32/26 17/17/26
26/26/27 25/25/27 10/10/27
19/19/28 34/34/28 33/33/28
27/27/29 26/26/29 11/11/29
20/20/30 35/35/30 34/34/30
13/13/31 28/28/31 27/27/31
36/36/32 35/35/32 20/20/32
33/33/33 48/48/33 47/47/33
41/41/34 40/40/34 25/25/34
34/34/35 49/49/35 48/48/35
42/42/36 41/41/36 26/26/36
50/50/516 49/49/516 34/34/516
28/28/38 43/43/38 42/42/38
36/36/39 51/51/39 50/50/39
44/44/40 43/43/40 28/28/40
30/30/43 45/45/43 44/44/43
38/38/44 37/37/44 22/22/44
46/46/45 45/45/45 30/30/45
39/39/517 38/38/517 23/23/517
32/32/47 47/47/47 46/46/47
40/40/48 39/39/48 24/24/48
60/60/51 59/59/51 44/44/51
53/53/52 52/52/52 37/37/52
61/61/53 60/60/53 45/45/53
54/54/54 53/53/54 38/38/54
47/47/55 62/62/55 61/61/55
55/55/56 54/54/56 39/39/56
63/63/57 62/62/57 47/47/57
56/56/58 55/55/58 40/40/58
64/64/59 63/63/59 48/48/59
57/57/60 56/56/60 41/41/60
50/50/61 65/65/61 64/64/61
43/43/62 58/58/62 57/57/62
66/66/63 65/65/63 50/50/63
59/59/64 58/58/64 43/43/64
56/56/65 71/71/65 70/70/65
64/64/66 79/79/66 78/78/66
72/72/67 71/71/67 56/56/67
80/80/68 79/79/68 64/64/68
58/58/69 73/73/69 72/72/69
81/81/70 80/80/70 65/65/70
59/59/71 74/74/71 73/73/71
75/75/74 74/74/74 59/59/74
68/68/75 67/67/75 52/52/75
76/76/76 75/75/76 60/60/76
69/69/77 68/68/77 53/53/77
62/62/78 77/77/78 76/76/78
70/70/79 69/69/79 54/54/79
78/78/80 77/77/80 62/62/80
91/122/81 90/121/81 74/74/81
84/115/82 83/114/82 67/67/82
92/123/83 91/122/83 75/75/83
85/116/84 84/115/84 68/68/84
77/77/85 93/124/85 92/123/85
70/70/86 86/117/86 85/116/86
94/125/87 93/124/87 77/77/87
71/71/88 87/118/88 86/117/88
95/126/89 94/125/89 78/78/89
88/119/90 87/118/90 71/71/90
96/127/91 95/126/91 79/79/91
73/73/92 89/120/92 88/119/92
81/81/93 97/128/93 96/127/93
74/74/94 90/121/94 89/120/94
95/126/97 110/141/97 109/140/97
103/134/98 102/133/98 87/118/98
96/127/99 111/142/99 110/141/99
89/120/100 104/135/100 103/134/100
112/143/101 111/142/101 96/127/101
90/121/102 105/136/102 104/135/102
106/137/105 105/136/105 90/121/105
99/130/106 98/129/106 83/114/106
107/138/107 106/137/107 91/122/107
100/131/108 99/130/108 84/115/108
93/124/109 108/139/109 107/138/109
101/132/110 100/131/110 85/116/110
109/140/111 108/139/111 93/124/111
87/118/112 102/133/112 101/132/112
122/153/113 121/152/113 106/137/113
115/146/114 114/145/114 99/130/114
108/139/115 123/154/115 122/153/115
116/147/116 115/146/116 100/131/116
124/155/117 123/154/117 108/139/117
102/133/118 117/148/118 116/147/118
110/141/119 125/156/119 124/155/119
118/149/120 117/148/120 102/133/120
126/157/121 125/156/121 110/141/121
104/135/122 119/150/122 118/149/122
112/143/123 127/158/123 126/157/123
105/136/124 120/151/124 119/150/124
121/152/127 120/151/127 105/136/127
114/145/128 113/144/128 98/129/128
141/172/129 140/171/129 125/156/129
119/150/130 134/165/130 133/164/130
142/173/131 141/172/131 126/157/131
120/151/132 135/166/132 134/165/132
136/167/135 135/166/135 120/151/135
114/145/136 129/160/136 128/159/136
137/168/137 136/167/137 121/152/137
130/161/138 129/160/138 114/145/138
123/154/139 138/169/139 137/168/139
131/162/140 130/161/140 115/146/140
139/170/141 138/169/141 123/154/141
117/148/142 132/163/142 131/162/142
125/156/143 140/171/143 139/170/143
133/164/144 132/163/144 117/148/144
145/176/145 144/175/145 129/160/145
138/169/146 153/184/146 152/183/146
146/177/147 145/176/147 130/161/147
154/185/148 153/184/148 138/169/148
132/163/149 147/178/149 146/177/149
140/171/150 155/186/150 154/185/150
148/179/151 147/178/151 132/163/151
156/187/152 155/186/152 140/171/152
134/165/153 149/180/153 148/179/153
157/188/154 156/187/154 141/172/154
135/166/155 150/181/155 149/180/155
151/182/158 150/181/158 135/166/158
144/175/159 143/174/159 128/159/159
152/183/160 151/182/160 136/167/160
149/180/161 164/195/161 163/194/161
157/188/162 172/203/162 171/202/162
150/181/163 165/196/163 164/195/163
166/197/166 165/196/166 150/181/166
159/190/167 158/189/167 143/174/167
167/198/168 166/197/168 151/182/168
145/176/518 160/191/518 159/190/518
153/184/170 168/199/170 167/198/170
161/192/171 160/191/171 145/176/171
169/200/172 168/199/172 153/184/172
147/178/173 162/193/173 161/192/173
155/186/174 170/201/174 169/200/174
163/194/175 162/193/175 147/178/175
171/202/519 170/201/519 155/186/519
168/199/177 183/214/177 182/213/177
176/207/178 175/206/178 160/191/178
184/215/179 183/214/179 168/199/179
162/193/180 177/208/180 176/207/180
170/201/181 185/216/181 184/215/181
178/209/182 177/208/182 162/193/182
186/217/183 185/216/183 170/201/183
164/195/184 179/210/184 178/209/184
172/203/185 187/218/185 186/217/185
165/196/186 180/211/186 179/210/186
181/212/189 180/211/189 165/196/189
174/205/190 173/204/190 158/189/190
182/213/191 181/212/191 166/197/191
175/206/192 174/205/192 159/190/192
202/233/193 201/232/193 186/217/193
180/211/194 195/226/194 194/225/194
196/227/197 195/226/197 180/211/197
174/205/198 189/220/198 188/219/198
197/228/199 196/227/199 181/212/199
175/206/200 190/221/200 189/220/200
183/214/201 198/229/201 197/228/201
191/222/202 190/221/202 175/206/202
199/230/203 198/229/203 183/214/203
177/208/204 192/223/204 191/222/204
185/216/205 200/231/205 199/230/205
193/224/206 192/223/206 177/208/206
201/232/207 200/231/207 185/216/207
179/210/208 194/225/208 193/224/208
206/237/209 205/236/209 190/221/209
214/245/210 213/244/210 198/229/210
192/223/211 207/238/211 206/237/211
200/231/212 215/246/212 214/245/212
208/239/213 207/238/213 192/223/213
216/247/214 215/246/214 200/231/214
194/225/215 209/240/215 208/239/215
217/248/216 216/247/216 201/232/216
195/226/217 210/241/217 209/240/217
211/242/220 210/241/220 195/226/220
204/235/221 203/234/221 188/219/221
212/243/222 211/242/222 196/227/222
205/236/223 204/235/223 189/220/223
198/229/224 213/244/224 212/243/224
210/241/225 225/256/225 224/255/225
226/257/228 225/256/228 210/241/228
219/250/229 218/249/229 203/234/229
227/258/230 226/257/230 211/242/230
220/251/231 219/250/231 204/235/231
213/244/232 228/259/232 227/258/232
221/252/233 220/251/233 205/236/233
229/260/234 228/259/234 213/244/234
207/238/235 222/253/235 221/252/235
215/246/236 230/261/236 229/260/236
223/254/237 222/253/237 207/238/237
231/262/238 230/261/238 215/246/238
209/240/239 224/255/239 223/254/239
232/263/240 231/262/240 216/247/240
244/275/241 243/274/241 228/259/241
222/253/242 237/268/242 236/267/242
230/261/243 245/276/243 244/275/243
238/269/244 237/268/244 222/253/244
246/277/245 245/276/245 230/261/245
224/255/246 239/270/246 238/269/246
247/278/247 246/277/247 231/262/247
225/256/248 240/271/248 239/270/248
241/272/251 240/271/251 225/256/251
234/265/252 233/264/252 218/249/252
242/273/253 241/272/253 226/257/253
235/266/254 234/265/254 219/250/254
228/259/255 243/274/255 242/273/255
236/267/256 235/266/256 220/251/256
256/287/520 255/286/520 240/271/520
249/280/259 248/279/259 233/264/259
257/288/260 256/287/260 241/272/260
250/281/261 249/280/261 234/265/261
243/274/262 258/289/262 257/288/262
251/282/263 250/281/263 235/266/263
259/290/264 258/289/264 243/274/264
237/268/265 252/283/265 251/282/265
245/276/266 260/291/266 259/290/266
253/284/267 252/283/267 237/268/267
261/292/268 260/291/268 245/276/268
239/270/269 254/285/269 253/284/269
247/278/270 262/293/270 261/292/270
240/271/521 255/286/521 254/285/521
260/291/273 275/306/273 274/305/273
268/299/274 267/298/274 252/283/274
261/292/275 276/307/275 275/306/275
254/285/276 269/300/276 268/299/276
277/308/277 276/307/277 261/292/277
255/286/278 270/301/278 269/300/278
271/302/281 270/301/281 255/286/281
249/280/282 264/295/282 263/294/282
272/303/283 271/302/283 256/287/283
265/296/284 264/295/284 249/280/284
258/289/285 273/304/285 272/303/285
266/297/286 265/296/286 250/281/286
274/305/287 273/304/287 258/289/287
252/283/288 267/298/288 266/297/288
279/310/289 278/309/289 263/294/289
287/318/290 286/317/290 271/302/290
280/311/522 279/310/522 264/295/522
273/304/292 288/319/292 287/318/292
281/312/293 280/311/293 265/296/293
289/320/294 288/319/294 273/304/294
267/298/295 282/313/295 281/312/295
275/306/296 290/321/296 289/320/296
283/314/297 282/313/297 267/298/297
276/307/523 291/322/523 290/321/523
269/300/299 284/315/299 283/314/299
292/323/300 291/322/300 276/307/300
270/301/301 285/316/301 284/315/301
286/317/304 285/316/304 270/301/304
298/329/305 297/328/305 282/313/305
306/337/306 305/336/306 290/321/306
284/315/307 299/330/307 298/329/307
307/338/308 306/337/308 291/322/308
285/316/309 300/331/309 299/330/309
301/332/312 300/331/312 285/316/312
294/325/313 293/324/313 278/309/313
302/333/314 301/332/314 286/317/314
280/311/315 295/326/315 294/325/315
288/319/316 303/334/316 302/333/316
296/327/317 295/326/317 280/311/317
304/335/318 303/334/318 288/319/318
282/313/319 297/328/319 296/327/319
290/321/320 305/336/320 304/335/320
318/380/321 317/379/321 301/332/321
295/326/322 311/373/322 310/372/322
303/334/323 319/381/323 318/380/323
312/374/324 311/373/324 295/326/324
320/382/325 319/381/325 303/334/325
297/328/326 313/375/326 312/374/326
305/336/327 321/383/327 320/382/327
314/376/328 313/375/328 297/328/328
322/384/329 321/383/329 305/336/329
299/330/330 315/377/330 314/376/330
323/385/331 322/384/331 306/337/331
300/331/332 316/378/332 315/377/332
317/379/335 316/378/335 300/331/335
294/325/524 310/372/524 309/371/524
322/384/337 337/399/337 336/398/337
315/377/338 330/392/338 329/391/338
338/400/339 337/399/339 322/384/339
316/378/340 331/393/340 330/392/340
332/394/343 331/393/343 316/378/343
325/387/344 324/386/344 309/371/344
333/395/345 332/394/345 317/379/345
311/373/525 326/388/525 325/387/525
319/381/347 334/396/347 333/395/347
327/389/348 326/388/348 311/373/348
335/397/349 334/396/349 319/381/349
313/375/350 328/390/350 327/389/350
321/383/351 336/398/351 335/397/351
329/391/352 328/390/352 313/375/352
341/403/353 340/402/353 325/387/353
334/396/354 349/411/354 348/410/354
342/404/355 341/403/355 326/388/355
350/412/356 349/411/356 334/396/356
328/390/357 343/405/357 342/404/357
336/398/358 351/413/358 350/412/358
344/406/359 343/405/359 328/390/359
352/414/360 351/413/360 336/398/360
330/392/361 345/407/361 344/406/361
338/400/362 353/415/362 352/414/362
331/393/363 346/408/363 345/407/363
347/409/366 346/408/366 331/393/366
325/387/367 340/402/367 339/401/367
348/410/368 347/409/368 332/394/368
345/407/369 360/428/369 359/427/369
368/445/370 367/442/370 352/414/370
346/408/526 361/430/526 360/428/526
362/432/527 361/430/527 346/408/527
355/418/375 354/417/375 339/401/375
363/435/376 362/432/376 347/409/376
356/420/377 355/418/377 340/402/377
349/411/378 364/436/378 363/435/378
357/423/379 356/420/379 341/403/379
365/439/380 364/436/380 349/411/380
343/405/381 358/424/381 357/423/381
351/413/382 366/440/382 365/439/382
359/427/383 358/424/383 343/405/383
367/442/384 366/440/384 351/413/384
364/437/385 379/456/385 378/455/385
372/449/386 371/448/386 356/421/386
380/457/387 379/456/387 364/437/387
358/425/388 373/450/388 372/449/388
366/441/389 381/458/389 380/457/389
374/451/390 373/450/390 358/425/390
382/459/391 381/458/391 366/441/391
360/429/392 375/452/392 374/451/392
383/460/393 382/459/393 367/443/393
361/431/528 376/453/528 375/452/528
377/454/529 376/453/529 361/431/529
355/419/398 370/447/398 369/446/398
378/455/399 377/454/399 362/433/399
356/421/400 371/448/400 370/447/400
398/475/401 397/474/401 382/459/401
376/453/402 391/468/402 390/467/402
392/469/405 391/468/405 376/453/405
385/462/406 384/461/406 369/446/406
393/470/407 392/469/407 377/454/407
371/448/408 386/463/408 385/462/408
379/456/409 394/471/409 393/470/409
387/464/410 386/463/410 371/448/410
395/472/411 394/471/411 379/456/411
373/450/412 388/465/412 387/464/412
381/458/413 396/473/413 395/472/413
389/466/414 388/465/414 373/450/414
397/474/415 396/473/415 381/458/415
375/452/416 390/467/416 389/466/416
410/487/417 409/486/417 394/471/417
388/465/418 403/480/418 402/479/418
396/473/419 411/488/419 410/487/419
404/481/420 403/480/420 388/465/420
397/474/421 412/489/421 411/488/421
390/467/422 405/482/422 404/481/422
413/490/423 412/489/423 397/474/423
391/468/424 406/483/424 405/482/424
407/484/427 406/483/427 391/468/427
385/462/428 400/477/428 399/476/428
408/485/429 407/484/429 392/469/429
401/478/430 400/477/430 385/462/430
394/471/431 409/486/431 408/485/431
402/479/432 401/478/432 386/463/432
422/499/435 421/498/435 406/483/435
415/492/530 414/491/530 399/476/530
423/500/437 422/499/437 407/484/437
401/478/438 416/493/438 415/492/438
409/486/439 424/501/439 423/500/439
417/494/440 416/493/440 401/478/440
425/502/441 424/501/441 409/486/441
403/480/442 418/495/442 417/494/442
411/488/443 426/503/443 425/502/443
419/496/444 418/495/444 403/480/444
427/504/445 426/503/445 411/488/445
405/482/446 420/497/446 419/496/446
413/490/447 428/505/447 427/504/447
406/483/448 421/498/448 420/497/448
418/495/449 433/510/449 432/509/449
426/503/450 441/518/450 440/517/450
434/511/451 433/510/451 418/495/451
442/519/452 441/518/452 426/503/452
420/497/453 435/512/453 434/511/453
443/520/454 442/519/454 427/504/454
421/498/455 436/513/455 435/512/455
437/514/458 436/513/458 421/498/458
430/507/459 429/506/459 414/491/459
438/515/460 437/514/460 422/499/460
416/493/461 431/508/461 430/507/461
424/501/462 439/516/462 438/515/462
432/509/463 431/508/463 416/493/463
440/517/464 439/516/464 424/501/464
452/529/465 451/528/465 436/513/465
445/522/466 444/521/466 429/506/466
453/530/467 452/529/467 437/514/467
431/508/468 446/523/468 445/522/468
439/516/469 454/531/469 453/530/469
447/524/470 446/523/470 431/508/470
455/532/471 454/531/471 439/516/471
433/510/472 448/525/472 447/524/472
441/518/473 456/533/473 455/532/473
449/526/474 448/525/474 433/510/474
457/534/475 456/533/475 441/518/475
435/512/476 450/527/476 449/526/476
458/535/477 457/534/477 442/519/477
436/513/478 451/528/478 450/527/478
456/533/481 471/548/481 470/547/481
464/541/482 463/540/482 448/525/482
472/549/483 471/548/483 456/533/483
450/527/484 465/542/484 464/541/484
473/550/485 472/549/485 457/534/485
451/528/486 466/543/486 465/542/486
467/544/489 466/543/489 451/528/489
460/537/490 459/536/490 444/521/490
468/545/491 467/544/491 452/529/491
446/523/492 461/538/492 460/537/492
454/531/493 469/546/493 468/545/493
462/539/494 461/538/494 446/523/494
470/547/495 469/546/495 454/531/495
448/525/496 463/540/496 462/539/496
460/537/497 475/552/497 474/551/497
478/555/498 5/5/498 467/544/498
461/538/499 1/1/499 475/552/499
6/6/500 478/555/500 468/545/500
462/539/501 476/553/501 1/1/501
479/556/502 6/6/502 469/546/502
463/540/503 2/2/503 476/553/503
471/548/504 480/557/504 479/556/504
464/541/505 477/554/505 2/2/505
481/558/506 480/557/506 471/548/506
465/542/507 3/3/507 477/554/507
482/559/508 481/558/508 472/549/508
466/543/509 4/4/509 3/3/509
5/5/512 4/4/512 466/543/512

